0 0 0 0 0 0.7414 0 0 2
0.0 3.218476481572815e-14 0.0002109968421719623 0.0 4.733053648596323e-15 0.7415435963645044 0.0 2.555848970738311e-14 1.9996454030434236
0.0 6.247630817170759e-14 0.0006344214436813736 0.0 -3.1018547218705734e-24 0.7418298006194918 0.0 4.070426139157653e-14 1.9989357666807013
0.0 7.667546911904749e-14 0.0012731676562888045 0.0 6.6262751036922565e-15 0.7422566087357418 0.0 5.301020088537142e-14 1.9978702010764737
0.0 8.708818714688995e-14 0.0021316571238356005 0.0 5.3010200866760315e-14 0.7428209463271113 0.0 7.099580475375967e-14 1.996447358953841
0.0 1.0318056955397857e-13 0.0032159386636802546 0.0 7.288902619334637e-14 0.7435185848182406 0.0 8.803479789615088e-14 1.9946654200453087
0.0 1.2495261634186427e-13 0.004533824798326302 0.0 1.173797304966657e-13 0.7443440265340221 0.0 1.1453989833573475e-13 1.9925220694717338
0.0 1.5524415970094557e-13 0.006095069136421344 0.0 1.7606959574887589e-13 0.7452903558164062 0.0 1.4577805242391493e-13 1.9900144692445998
0.0 2.0068147473801657e-13 0.007911589571993886 0.0 2.546382863276721e-13 0.7463490522610227 0.0 2.0825436059407158e-13 1.9871392218304689
0.0 2.5179845415588466e-13 0.00999774381870581 0.0 3.294205339869709e-13 0.7475097609104353 0.0 3.0102221212020765e-13 1.9838923244234483
0.0 3.1616798379354464e-13 0.012370665742681797 0.0 3.900036206981543e-13 0.7487600126345569 0.0 4.098824460503305e-13 1.9802691122323521
0.0 3.814841241634054e-13 0.01505067346075507 0.0 4.562663717885838e-13 0.7500848858174104 0.0 5.035969083024636e-13 1.9762641886960146
0.0 4.638392576694536e-13 0.01806176346505483 0.0 5.026502975508764e-13 0.7514665976309108 0.0 6.086706993099871e-13 1.9718713400850962
0.0 5.443011697173041e-13 0.02143220945269592 0.0 5.509274447744686e-13 0.7528840092831885 0.0 7.279436512695034e-13 1.9670834314248877
0.0 6.26656303229556e-13 0.025195290567405187 0.0 5.97311370539863e-13 0.7543120241971066 0.0 8.036725096594521e-13 1.961892280075769
0.0 6.512681822202477e-13 0.029390182129373915 0.0 6.380156319306641e-13 0.7557208503799355 0.0 9.144259650601802e-13 1.9562885026341914
0.0 6.948122758053246e-13 0.034063053733377896 0.0 6.948122757316556e-13 0.7570750871865374 0.0 1.046951467245692e-12 1.9502613300723595
0.0 7.222639869864147e-13 0.039268436520171014 0.0 7.572885839134442e-13 0.7583325805560547 0.0 1.152025258265623e-12 1.943798385231257
0.0 7.582351947387005e-13 0.04507094610942308 0.0 8.670954285811961e-13 0.759442966954411 0.0 1.2447931097979628e-12 1.9368854159462612
0.0 7.724343557062024e-13 0.05154748433998639 0.0 9.816353268913406e-13 0.7603457904134963 0.0 1.3101092501647218e-12 1.9295059762692859
0.0 7.932597917680911e-13 0.05879009849764126 0.0 1.1028015003206865e-12 0.7609680222320075 0.0 1.3650126724958835e-12 1.9216410475415202
0.0 7.9420640249719e-13 0.0669097627344906 0.0 1.215448177178837e-12 0.761220727330535 0.0 1.468193242051413e-12 1.9132685906210916
0.0 7.866335166550933e-13 0.07604148302988499 0.0 1.3243084111329991e-12 0.7609944845364636 0.0 1.6026119656889189e-12 1.9043630206390496
0.0 7.970462347186071e-13 0.08635135045366156 0.0 1.4104499875639731e-12 0.7601529436152689 0.0 1.758802736123616e-12 1.8948945967075808
0.0 8.235513351612928e-13 0.09804654517367044 0.0 1.5107907249469398e-12 0.7585235213406498 0.0 1.8941680704995263e-12 1.88482872184533
0.0 8.727750931271668e-13 0.11138995765882295 0.0 1.6177577375235523e-12 0.7558835687800416 0.0 2.0124944117330454e-12 1.8741251544930482
0.0 9.15372575998654e-13 0.1267223166797903 0.0 1.7635357899528954e-12 0.75193910674463 0.0 2.095796155955785e-12 1.8627371450679377
0.0 9.324115691069248e-13 0.14449709784929193 0.0 1.9045807888142906e-12 0.7462908190958242 0.0 2.184777564559322e-12 1.8506105341240384
0.0 9.731158303527142e-13 0.16533847073653868 0.0 2.079703773960468e-12 0.7383769653898199 0.0 2.273758973162859e-12 1.8376828926026634
0.0 1.0469514670704372e-12 0.19014393477018424 0.0 2.250093705439438e-12 0.7273713978450652 0.0 2.3617937710279913e-12 1.8238828689737452
0.0 1.1662244188345366e-12 0.2202825673638445 0.0 2.4006048118337666e-12 0.7119854271975206 0.0 2.472547226416312e-12 1.8091300752678323
0.0 1.284550759785787e-12 0.2580280207147443 0.0 2.5369167576235104e-12 0.6900337133884742 0.0 2.5728879637814433e-12 1.7933361995977775
0.0 1.43316864436598e-12 0.30769911235116437 0.0 2.6353642740755944e-12 0.6572897847207304 0.0 2.6684956475041817e-12 1.7764088964516322
0.0 1.6594086076590409e-12 0.37978332069077503 0.0 2.645776995255696e-12 0.6033517908568916 0.0 2.76410333122692e-12 1.7582625381725476
0.0 2.1895106188484512e-12 0.5203304806101595 0.0 2.361793775079788e-12 0.4822197536428463 0.0 2.845038548640871e-12 1.738847269269688
0.0 2.7167727978482386e-12 0.660877640529553 0.0 2.0823069558707836e-12 0.3610877164287958 0.0 2.9271570294671648e-12 1.719432000366826
0.0 3.1313882988538216e-12 0.7691600431228249 0.0 1.8785489953370982e-12 0.27381323142196456 0.0 3.035780610720635e-12 1.6984239323720682
0.0 3.5213919207105185e-12 0.8713591455328965 0.0 1.7060291888481672e-12 0.1943932292543431 0.0 3.1765889567820786e-12 1.675644674810672
0.0 3.867851449047278e-12 0.9728143174391255 0.0 1.5335093823592361e-12 0.11748932098956075 0.0 3.2776396521779427e-12 1.6510932490537862
0.0 4.220937252577682e-12 1.0750799123314951 0.0 1.381815011966314e-12 0.04200868124573344 0.0 3.403302226623434e-12 1.6243081377037725
0.0 4.5541442310234454e-12 1.1812055504679537 0.0 1.2197079235502023e-12 -0.03234590033823287 0.0 3.546003794112057e-12 1.59253693057793
0.0 4.856113055027417e-12 1.3002783462226133 0.0 1.0670669424436906e-12 -0.1058734199378134 0.0 3.708584187876433e-12 1.5469915065808848
0.0 4.901077069944398e-12 1.4730101580555495 0.0 9.106395184207835e-13 -0.1788688491215005 0.0 4.129589310520409e-12 1.4472549770746583
0.0 4.9460410848613795e-12 1.6457419698884823 0.0 7.45692597829007e-13 -0.2518642783051942 0.0 4.538761799040956e-12 1.3475184475684336
0.0 4.953140670440702e-12 1.7846120433351857 0.0 5.91158395266624e-13 -0.3245920000217524 0.0 4.96733980723972e-12 1.2813759495339607
0.0 4.971599584583099e-12 1.9169374505223848 0.0 4.517699643822307e-13 -0.3970987004644568 0.0 5.398757647479993e-12 1.2215570970824647
0.0 5.0108839347966906e-12 2.0486539367555667 0.0 3.322603588244234e-13 -0.46943625045378695 0.0 5.840588205743456e-12 1.162178015786749
0.0 5.036915734821508e-12 2.181502241319236 0.0 1.8813887428988279e-13 -0.5416583328642566 0.0 6.305137421530108e-12 1.1015516494921378
0.0 5.083772970892706e-12 2.3159041592794605 0.0 5.159027559433704e-14 -0.6138284999517872 0.0 6.792405294790318e-12 1.0393197560967091
0.0 5.110751381631114e-12 2.4517365685143604 0.0 -6.697271923282046e-14 -0.6860438957771781 0.0 7.280619778764117e-12 0.9757026033764977
0.0 5.143409456750319e-12 2.5885754597463575 0.0 -1.5429755997800145e-13 -0.7584838079567721 0.0 7.784926645141904e-12 0.9113034898735749
0.0 5.19689296792831e-12 2.725889625898531 0.0 -2.397291792711884e-13 -0.8314291663345454 0.0 8.28923351151969e-12 0.8469345473326915
0.0 5.245643425457706e-12 2.863329043099259 0.0 -3.0622858396999e-13 -0.9050923961661913 0.0 8.783127659849472e-12 0.7831582219145515
0.0 5.2934472722572265e-12 3.0007823346372207 0.0 -3.6326188135919156e-13 -0.9795350072634557 0.0 9.268502311608059e-12 0.7201474023117727
0.0 5.35923672292436e-12 3.138228968308912 0.0 -4.411206147947725e-13 -1.0547556207518534 0.0 9.757663406295448e-12 0.6579212427011147
0.0 5.41556006629275e-12 3.275668874841117 0.0 -5.208725696947549e-13 -1.1307353412351642 0.0 1.0263863494125229e-11 0.5964609171643116
0.0 5.471883409661141e-12 3.413104709489849 0.0 -5.987313031303358e-13 -1.2074496578459784 0.0 1.0779529689252202e-11 0.5357392596252714
0.0 5.513060981351541e-12 3.550538466423557 0.0 -6.841629224111154e-13 -1.2848713739206965 0.0 1.1285729777081983e-11 0.4757270792627554
0.0 5.553291942312067e-12 3.68797126504506 0.0 -7.970462528574758e-13 -1.3629714568539972 0.0 1.1801395972208956e-11 0.41639422407085425
0.0 5.598255956921965e-12 3.8254036550405623 0.0 -8.97623643816245e-13 -1.4417194292092412 0.0 1.2337887603382309e-11 0.3577096669271066
0.0 5.657419132479978e-12 3.9628358829017625 0.0 -9.877883167518245e-13 -1.5210836764608469 0.0 1.2874379234555662e-11 0.29964154681412075