0 0 0 0 0 0.7414 0 0 2
0.0 3.218476481572815e-14 0.0002109968421719623 0.0 4.733053648596323e-15 0.7415435963645044 0.0 2.555848970738311e-14 1.9996454030434236
0.0 6.247630817170759e-14 0.0006344214436813736 0.0 -3.1018547218705734e-24 0.7418298006194918 0.0 4.070426139157653e-14 1.9989357666807013
0.0 7.667546911904749e-14 0.0012731676562888045 0.0 6.6262751036922565e-15 0.7422566087357418 0.0 5.301020088537142e-14 1.9978702010764737
0.0 8.708818714688995e-14 0.0021316571238356005 0.0 5.3010200866760315e-14 0.7428209463271113 0.0 7.099580475375967e-14 1.996447358953841
0.0 1.0318056955397857e-13 0.0032159386636802546 0.0 7.288902619334637e-14 0.7435185848182406 0.0 8.803479789615088e-14 1.9946654200453087
0.0 1.2495261634186427e-13 0.004533824798326302 0.0 1.173797304966657e-13 0.7443440265340221 0.0 1.1453989833573475e-13 1.9925220694717338
0.0 1.5524415970094557e-13 0.006095069136421344 0.0 1.7606959574887589e-13 0.7452903558164062 0.0 1.4577805242391493e-13 1.9900144692445998
0.0 2.0068147473801657e-13 0.007911589571993886 0.0 2.546382863276721e-13 0.7463490522610227 0.0 2.0825436059407158e-13 1.9871392218304689
0.0 2.5179845415588466e-13 0.00999774381870581 0.0 3.294205339869709e-13 0.7475097609104353 0.0 3.0102221212020765e-13 1.9838923244234483
0.0 3.1616798379354464e-13 0.012370665742681797 0.0 3.900036206981543e-13 0.7487600126345569 0.0 4.098824460503305e-13 1.9802691122323521
0.0 3.814841241634054e-13 0.01505067346075507 0.0 4.562663717885838e-13 0.7500848858174104 0.0 5.035969083024636e-13 1.9762641886960146
0.0 4.638392576694536e-13 0.01806176346505483 0.0 5.026502975508764e-13 0.7514665976309108 0.0 6.086706993099871e-13 1.9718713400850962
0.0 5.443011697173041e-13 0.02143220945269592 0.0 5.509274447744686e-13 0.7528840092831885 0.0 7.279436512695034e-13 1.9670834314248877
0.0 6.26656303229556e-13 0.025195290567405187 0.0 5.97311370539863e-13 0.7543120241971066 0.0 8.036725096594521e-13 1.961892280075769
0.0 6.512681822202477e-13 0.029390182129373915 0.0 6.380156319306641e-13 0.7557208503799355 0.0 9.144259650601802e-13 1.9562885026341914
0.0 6.948122758053246e-13 0.034063053733377896 0.0 6.948122757316556e-13 0.7570750871865374 0.0 1.046951467245692e-12 1.9502613300723595
0.0 7.222639869864147e-13 0.039268436520171014 0.0 7.572885839134442e-13 0.7583325805560547 0.0 1.152025258265623e-12 1.943798385231257
0.0 7.582351947387005e-13 0.04507094610942308 0.0 8.670954285811961e-13 0.759442966954411 0.0 1.2447931097979628e-12 1.9368854159462612
0.0 7.724343557062024e-13 0.05154748433998639 0.0 9.816353268913406e-13 0.7603457904134963 0.0 1.3101092501647218e-12 1.9295059762692859
0.0 7.932597917680911e-13 0.05879009849764126 0.0 1.1028015003206865e-12 0.7609680222320075 0.0 1.3650126724958835e-12 1.9216410475415202
0.0 7.9420640249719e-13 0.0669097627344906 0.0 1.215448177178837e-12 0.761220727330535  0.0 1.468193242051413e-12 1.9132685906210916
0.0 7.866335166550933e-13 0.07604148302988499 0.0 1.3243084111329991e-12 0.7609944845364636 0.0 1.6026119656889189e-12 1.9043630206390496
0.0 7.970462347186071e-13 0.08635135045366156 0.0 1.4104499875639731e-12 0.7601529436152689 0.0 1.758802736123616e-12 1.8948945967075808
0.0 8.235513351612928e-13 0.09804654517367044 0.0 1.5107907249469398e-12 0.7585235213406498 0.0 1.8941680704995263e-12 1.88482872184533
0.0 8.727750931271668e-13 0.11138995765882295 0.0 1.6177577375235523e-12 0.7558835687800416 0.0 2.0124944117330454e-12 1.8741251544930482
