0 0 0 0 0 0.7414 0 0 2
0.0 1.28739059263e-15 8.43987368688e-06 0.0 1.89322145944e-16 0.741405743855 0.0 1.0223395883e-15 1.89998581612
0.0 2.65051004359e-15 3.18264042091e-05 0.0 9.08746300617e-16 0.741413927917 0.0 2.27186575133e-15 1.79995424517
0.0 3.25634091077e-15 7.97135884288e-05 0.0 1.43884830922e-15 0.741419544575 0.0 3.63498520197e-15 1.69990074072
0.0 3.18061205325e-15 0.000165378645464 0.0 2.2340013221e-15 0.741417005297 0.0 4.05149392315e-15 1.59981761409
0.0 2.27186575387e-15 0.000306095703372 0.0 3.6349852016e-15 0.741403576071 0.0 4.84664693572e-15 1.49969032524
0.0 9.84475161117e-16 0.000522797875869 0.0 5.22529122779e-15 0.741386884368 0.0 5.49034223212e-15 1.39949031371
0.0 -1.66603488303e-15 0.000839172558705 0.0 5.90685095305e-15 0.741399241719 0.0 6.73986839317e-15 1.29916158076
0.0 -4.16508720903e-15 0.00128061915736 0.0 6.73986839249e-15 0.74152382108 0.0 7.7243435425e-15 1.19859555416
0.0 -6.13403752748e-15 0.00187372293695 0.0 7.83793685952e-15 0.741948143494 0.0 8.59522539429e-15 1.09757812766
0.0 -8.0461912051e-15 0.00264661244275 0.0 9.90154824449e-15 0.743105365456 0.0 9.92048043624e-15 0.99564801631
0.0 -9.9204804502e-15 0.00363023777475 0.0 1.20030239032e-14 0.746174392423 0.0 1.1435057609e-14 0.891595364581
0.0 -1.15486508998e-14 0.00486139372289 0.0 1.39909069948e-14 0.756076482839 0.0 1.23248726141e-14 0.780462119198
0.0 -1.37258555728e-14 0.00609254967103 0.0 1.60734511595e-14 0.765978573255 0.0 1.32904164775e-14 0.669328873814
0.0 -1.59787891042e-14 0.00732370561917 0.0 1.81938597534e-14 0.775880663671 0.0 1.43695536285e-14 0.558195628431
0.0 -1.77039871451e-14 0.00905686235838 0.0 2.05012242627e-14 0.782698515123 0.0 1.55398017596e-14 0.449644622075
0.0 -1.94102529856e-14 0.0115190936445 0.0 2.29411142381e-14 0.788262294658 0.0 1.64639310952e-14 0.34161861351
0.0 -2.14383664231e-14 0.0152554918072 0.0 2.50970210174e-14 0.793117750113 0.0 1.70283483061e-14 0.233026761702
0.0 -2.24252083953e-14 0.0220656580974 0.0 2.75037796581e-14 0.79749248752 0.0 1.67763134785e-14 0.121841858979
0.0 -2.57434636575e-14 -0.349194109018 0.0 3.02435973402e-14 0.801867224927 0.0 1.6324443226e-14 0.0106569562558
0.0 -2.81908370036e-14 -0.719582478913 0.0 3.27940928756e-14 0.806094775271 0.0 1.40172159391e-14 -0.101252156996
0.0 -3.15090922182e-14 -1.08984190137 0.0 3.61397414243e-14 0.810265689022 0.0 1.2050768521e-14 -0.213233581378
0.0 -3.45244319994e-14 -1.46010879773 0.0 3.92960678271e-14 0.814430648453 0.0 9.89499895628e-15 -0.325201577733
0.0 -3.75776362102e-14 -1.83040217757 0.0 4.2035885509e-14 0.818621158162 0.0 7.24699181252e-15 -0.4371686409
0.0 -4.01764672705e-14 -2.20071143437 0.0 4.53058052004e-14 0.822856078479 0.0 5.65918868585e-15 -0.549164237495
0.0 -4.20937386054e-14 -2.57102564583 0.0 4.9219420189e-14 0.827140939531 0.0 3.42769026401e-15 -0.661204819978
0.0 -4.35945012191e-14 -2.94134048594 0.0 5.36252727575e-14 0.831471666402 0.0 1.99134485548e-15 -0.773290639577
0.0 -4.43379752489e-14 -3.31165503113 0.0 5.82961763299e-14 0.835840423006 0.0 6.27618669561e-17 -0.885414783818
0.0 -4.39833808321e-14 -3.68196929106 0.0 6.25884356103e-14 0.840238921364 0.0 -1.63863454634e-15 -0.997568955059
0.0 -4.35151931276e-14 -4.05228339738 0.0 6.68049660322e-14 0.844659763341 0.0 -3.49148867679e-15 -1.10974562354
0.0 -4.37285651487e-14 -4.4225974379 0.0 7.13244118876e-14 0.849096885466 0.0 -5.15502066129e-15 -1.22193863796
0.0 -4.33740454839e-14 -4.79291147841 0.0 7.65631872118e-14 0.853534007591 0.0 -6.59139597144e-15 -1.33413165239
0.0 -4.32467123944e-14 -5.16322551506 0.0 8.14990468218e-14 0.857971129716 0.0 -7.87631367859e-15 -1.44632466681
0.0 -4.27785994421e-14 -5.53353955172 0.0 8.60562621398e-14 0.862408251841 0.0 -9.08550252734e-15 -1.55851768124
0.0 -4.28784529277e-14 -5.90385358837 0.0 9.09163928914e-14 0.866845373966 0.0 -1.04461490929e-14 -1.67071069566
0.0 -4.22967466878e-14 -6.27416762502 0.0 9.54736082095e-14 0.871282496091 0.0 -1.29805929635e-14 -1.78290371009
0.0 -4.06927008596e-14 -6.64448166167 0.0 9.99172302399e-14 0.875719618216 0.0 -1.67645629975e-14 -1.89509672451