0.0 0.0 0.0 0.0 0.0 0.66726
0.0 0.0 -3.06479421099e-05 0.0 0.0 0.667290647942
0.0 0.0 -9.18961157798e-05 0.0 0.0 0.667351896116
0.0 0.0 -0.000183649227285 0.0 0.0 0.667443649227
0.0 0.0 -0.000305764653769 0.0 0.0 0.667565764654
0.0 0.0 -0.000458052822532 0.0 0.0 0.667718052823
0.0 0.0 -0.000640277713464 0.0 0.0 0.667900277713
0.0 0.0 -0.000852157481855 0.0 0.0 0.668112157482
0.0 0.0 -0.00109336519815 0.0 0.0 0.668353365198
0.0 0.0 -0.00136352970062 0.0 0.0 0.668623529701
0.0 0.0 -0.00166223655643 0.0 0.0 0.668922236556
0.0 0.0 -0.00198902912584 0.0 0.0 0.669249029126
0.0 0.0 -0.00234340972405 0.0 0.0 0.669603409724
0.0 0.0 -0.00272484087471 0.0 0.0 0.669984840875
0.0 0.0 -0.00313274664858 0.0 0.0 0.670392746649
0.0 0.0 -0.00356651408065 0.0 0.0 0.670826514081
0.0 0.0 -0.00402549465891 0.0 0.0 0.671285494659
0.0 0.0 -0.00450900587742 0.0 0.0 0.671769005877
0.0 0.0 -0.00501633284649 0.0 0.0 0.672276332846
0.0 0.0 -0.00554672995262 0.0 0.0 0.672806729953
0.0 0.0 -0.00609942256065 0.0 0.0 0.673359422561
0.0 0.0 -0.00667360875102 0.0 0.0 0.673933608751
0.0 0.0 -0.00726846108453 0.0 0.0 0.674528461085
0.0 0.0 -0.00788312838777 0.0 0.0 0.675143128388
0.0 0.0 -0.00851673755194 0.0 0.0 0.675776737552
0.0 0.0 -0.00916839533859 0.0 0.0 0.676428395339
0.0 0.0 -0.00983719018558 0.0 0.0 0.677097190186
0.0 0.0 -0.0105221940071 0.0 0.0 0.677782194007
0.0 0.0 -0.0112224639819 0.0 0.0 0.678482463982
0.0 0.0 -0.0119370443242 0.0 0.0 0.679197044324
0.0 0.0 -0.0126649680319 0.0 0.0 0.679924968032
0.0 0.0 -0.0134052586074 0.0 0.0 0.680665258607
0.0 0.0 -0.0141569317469 0.0 0.0 0.681416931747
0.0 0.0 -0.0149189969936 0.0 0.0 0.682178996994
0.0 0.0 -0.0156904593513 0.0 0.0 0.682950459351
0.0 0.0 -0.0164703208557 0.0 0.0 0.683730320856
0.0 0.0 -0.0172575820998 0.0 0.0 0.6845175821
0.0 0.0 -0.0180512437116 0.0 0.0 0.685311243712
0.0 0.0 -0.0188503077813 0.0 0.0 0.686110307781
0.0 0.0 -0.0196537792373 0.0 0.0 0.686913779237
0.0 0.0 -0.0204606671686 0.0 0.0 0.687720667169
0.0 0.0 -0.0212699860929 0.0 0.0 0.688529986093
0.0 0.0 -0.022080757171 0.0 0.0 0.689340757171
0.0 0.0 -0.0228920093642 0.0 0.0 0.690152009364
0.0 0.0 -0.023702780538 0.0 0.0 0.690962780538
0.0 0.0 -0.0245121185096 0.0 0.0 0.69177211851
0.0 0.0 -0.0253190820411 0.0 0.0 0.692579082041
0.0 0.0 -0.0261227417782 0.0 0.0 0.693382741778
0.0 0.0 -0.0269221811361 0.0 0.0 0.694182181136
0.0 0.0 -0.0277164971322 0.0 0.0 0.694976497132
0.0 0.0 -0.0285048011687 0.0 0.0 0.695764801169
0.0 0.0 -0.0292862197646 0.0 0.0 0.696546219765
0.0 0.0 -0.0300598952393 0.0 0.0 0.697319895239
0.0 0.0 -0.03082498635 0.0 0.0 0.69808498635
0.0 0.0 -0.0315806688831 0.0 0.0 0.698840668883
0.0 0.0 -0.0323261362025 0.0 0.0 0.699586136202
0.0 0.0 -0.0330605997563 0.0 0.0 0.700320599756
0.0 0.0 -0.033783289543 0.0 0.0 0.701043289543
0.0 0.0 -0.0344934545402 0.0 0.0 0.70175345454
0.0 0.0 -0.0351903630969 0.0 0.0 0.702450363097
0.0 0.0 -0.0358733032913 0.0 0.0 0.703133303291
0.0 0.0 -0.0365415832562 0.0 0.0 0.703801583256
0.0 0.0 -0.037194531474 0.0 0.0 0.704454531474
0.0 0.0 -0.0378314970427 0.0 0.0 0.705091497043
0.0 0.0 -0.0384518499149 0.0 0.0 0.705711849915
0.0 0.0 -0.0390549811119 0.0 0.0 0.706314981112
0.0 0.0 -0.0396403029138 0.0 0.0 0.706900302914
0.0 0.0 -0.0402072490288 0.0 0.0 0.707467249029
0.0 0.0 -0.0407552747412 0.0 0.0 0.708015274741
0.0 0.0 -0.0412838570419 0.0 0.0 0.708543857042
0.0 0.0 -0.0417924947413 0.0 0.0 0.709052494741
0.0 0.0 -0.0422807085671 0.0 0.0 0.709540708567
0.0 0.0 -0.0427480412474 0.0 0.0 0.710008041247
0.0 0.0 -0.0431940575817 0.0 0.0 0.710454057582
0.0 0.0 -0.0436183445003 0.0 0.0 0.7108783445
0.0 0.0 -0.0440205111129 0.0 0.0 0.711280511113
0.0 0.0 -0.044400188749 0.0 0.0 0.711660188749
0.0 0.0 -0.0447570309895 0.0 0.0 0.712017030989
0.0 0.0 -0.0450907136919 0.0 0.0 0.712350713692
0.0 0.0 -0.0454009350092 0.0 0.0 0.712660935009
0.0 0.0 -0.0456874154036 0.0 0.0 0.712947415403
0.0 0.0 -0.045949897656 0.0 0.0 0.713209897656
0.0 0.0 -0.0461881468724 0.0 0.0 0.713448146872
0.0 0.0 -0.0464019504865 0.0 0.0 0.713661950486
0.0 0.0 -0.0465911182613 0.0 0.0 0.713851118261
0.0 0.0 -0.0467554822877 0.0 0.0 0.714015482288
0.0 0.0 -0.0468948969833 0.0 0.0 0.714154896983
0.0 0.0 -0.0470092390899 0.0 0.0 0.71426923909
0.0 0.0 -0.0470984076703 0.0 0.0 0.71435840767
0.0 0.0 -0.0471623241062 0.0 0.0 0.714422324106
0.0 0.0 -0.0472009320956 0.0 0.0 0.714460932095
0.0 0.0 -0.0472141976507 0.0 0.0 0.714474197651
0.0 0.0 -0.0472021090973 0.0 0.0 0.714462109097
0.0 0.0 -0.0471646770738 0.0 0.0 0.714424677074
0.0 0.0 -0.0471019345319 0.0 0.0 0.714361934532
0.0 0.0 -0.0470139367376 0.0 0.0 0.714273936737
0.0 0.0 -0.0469007612733 0.0 0.0 0.714160761273
0.0 0.0 -0.0467625080397 0.0 0.0 0.71402250804
0.0 0.0 -0.0465992992588 0.0 0.0 0.713859299259
0.0 0.0 -0.0464112794766 0.0 0.0 0.713671279476
0.0 0.0 -0.0461986155655 0.0 0.0 0.713458615565
0.0 0.0 -0.0459614967259 0.0 0.0 0.713221496726
0.0 0.0 -0.0457001344875 0.0 0.0 0.712960134487
0.0 0.0 -0.0454147627077 0.0 0.0 0.712674762708
0.0 0.0 -0.0451056375693 0.0 0.0 0.712365637569
0.0 0.0 -0.0447730375741 0.0 0.0 0.712033037574
0.0 0.0 -0.0444172635335 0.0 0.0 0.711677263533
0.0 0.0 -0.0440386385556 0.0 0.0 0.711298638555
0.0 0.0 -0.0436375080255 0.0 0.0 0.710897508025
0.0 0.0 -0.0432142395815 0.0 0.0 0.710474239581
0.0 0.0 -0.042769223083 0.0 0.0 0.710029223083
0.0 0.0 -0.0423028705711 0.0 0.0 0.709562870571
0.0 0.0 -0.0418156162201 0.0 0.0 0.70907561622
0.0 0.0 -0.0413079162786 0.0 0.0 0.708567916278
0.0 0.0 -0.0407802489993 0.0 0.0 0.708040248999
0.0 0.0 -0.0402331145563 0.0 0.0 0.707493114556
0.0 0.0 -0.0396670349482 0.0 0.0 0.706927034948
0.0 0.0 -0.0390825538855 0.0 0.0 0.706342553885
0.0 0.0 -0.0384802366616 0.0 0.0 0.705740236661
0.0 0.0 -0.0378606700051 0.0 0.0 0.705120670005
0.0 0.0 -0.0372244619118 0.0 0.0 0.704484461912
0.0 0.0 -0.0365722414554 0.0 0.0 0.703832241455
0.0 0.0 -0.035904658575 0.0 0.0 0.703164658575
0.0 0.0 -0.0352223838367 0.0 0.0 0.702482383836
0.0 0.0 -0.0345261081691 0.0 0.0 0.701786108169
0.0 0.0 -0.0338165425701 0.0 0.0 0.70107654257
0.0 0.0 -0.0330944177824 0.0 0.0 0.700354417782
0.0 0.0 -0.0323604839374 0.0 0.0 0.699620483937
0.0 0.0 -0.0316155101646 0.0 0.0 0.698875510164
0.0 0.0 -0.0308602841649 0.0 0.0 0.698120284165
0.0 0.0 -0.0300956117456 0.0 0.0 0.697355611745
0.0 0.0 -0.0293223163161 0.0 0.0 0.696582316316
0.0 0.0 -0.0285412383414 0.0 0.0 0.695801238341
0.0 0.0 -0.0277532347526 0.0 0.0 0.695013234752
0.0 0.0 -0.0269591783119 0.0 0.0 0.694219178312
0.0 0.0 -0.0261599569312 0.0 0.0 0.693419956931
0.0 0.0 -0.0253564729422 0.0 0.0 0.692616472942
0.0 0.0 -0.0245496423162 0.0 0.0 0.691809642316
0.0 0.0 -0.0237403938339 0.0 0.0 0.691000393834
0.0 0.0 -0.0229296682019 0.0 0.0 0.690189668202
0.0 0.0 -0.0221184171163 0.0 0.0 0.689378417116
0.0 0.0 -0.0213076022725 0.0 0.0 0.688567602272
0.0 0.0 -0.0204981943196 0.0 0.0 0.687758194319
0.0 0.0 -0.0196911717602 0.0 0.0 0.68695117176
0.0 0.0 -0.0188875197943 0.0 0.0 0.686147519794
0.0 0.0 -0.0180882291086 0.0 0.0 0.685348229108
0.0 0.0 -0.0172942946105 0.0 0.0 0.68455429461
0.0 0.0 -0.016506714108 0.0 0.0 0.683766714108
0.0 0.0 -0.0157264869365 0.0 0.0 0.682986486936
0.0 0.0 -0.0149546125337 0.0 0.0 0.682214612533
0.0 0.0 -0.0141920889642 0.0 0.0 0.681452088964
0.0 0.0 -0.0134399113964 0.0 0.0 0.680699911396
0.0 0.0 -0.0126990705334 0.0 0.0 0.679959070533
0.0 0.0 -0.0119705510008 0.0 0.0 0.679230551001
0.0 0.0 -0.0112553296959 0.0 0.0 0.678515329696
0.0 0.0 -0.0105543740993 0.0 0.0 0.677814374099
0.0 0.0 -0.00986864055619 0.0 0.0 0.677128640556
0.0 0.0 -0.00919907252869 0.0 0.0 0.676459072528
0.0 0.0 -0.00854659882618 0.0 0.0 0.675806598826
0.0 0.0 -0.00791213181772 0.0 0.0 0.675172131817
0.0 0.0 -0.00729656563239 0.0 0.0 0.674556565632
0.0 0.0 -0.00670077435352 0.0 0.0 0.673960774353
0.0 0.0 -0.00612561021281 0.0 0.0 0.673385610213
0.0 0.0 -0.00557190179096 0.0 0.0 0.672831901791
0.0 0.0 -0.00504045223159 0.0 0.0 0.672300452231
0.0 0.0 -0.00453203747522 0.0 0.0 0.671792037475
0.0 0.0 -0.00404740452071 0.0 0.0 0.67130740452
0.0 0.0 -0.00358726972122 0.0 0.0 0.670847269721
0.0 0.0 -0.00315231712219 0.0 0.0 0.670412317122
0.0 0.0 -0.00274319684868 0.0 0.0 0.670003196848
0.0 0.0 -0.00236052354946 0.0 0.0 0.669620523549
0.0 0.0 -0.00200487490516 0.0 0.0 0.669264874905
0.0 0.0 -0.00167679020761 0.0 0.0 0.668936790207
0.0 0.0 -0.00137676901737 0.0 0.0 0.668636769017
0.0 0.0 -0.0011052699062 0.0 0.0 0.668365269906
0.0 0.0 -0.000862709290766 0.0 0.0 0.66812270929
0.0 0.0 -0.000649460363782 0.0 0.0 0.667909460363
0.0 0.0 -0.000465852128052 0.0 0.0 0.667725852128
0.0 0.0 -0.000312168538655 0.0 0.0 0.667572168538
0.0 0.0 -0.000188647757851 0.0 0.0 0.667448647758
0.0 0.0 -9.54815267674e-05 0.0 0.0 0.667355481526
0.0 0.0 -3.28146573059e-05 0.0 0.0 0.667292814657
0.0 0.0 -7.44647086541e-07 0.0 0.0 0.667260744647
0.0 0.0 6.78580447191e-07 0.0 0.0 0.667259321419
0.0 0.0 -2.8547190696e-05 0.0 0.0 0.66728854719
0.0 0.0 -8.83764631349e-05 0.0 0.0 0.667348376463
0.0 0.0 -0.000178716147588 0.0 0.0 0.667438716147
0.0 0.0 -0.000299425811061 0.0 0.0 0.667559425811
0.0 0.0 -0.000450318050364 0.0 0.0 0.66771031805
0.0 0.0 -0.000631158988883 0.0 0.0 0.667891158989
0.0 0.0 -0.00084166889387 0.0 0.0 0.668101668894
0.0 0.0 -0.00108152291085 0.0 0.0 0.668341522911
0.0 0.0 -0.00135035191118 0.0 0.0 0.668610351911
0.0 0.0 -0.00164774344813 0.0 0.0 0.668907743448
0.0 0.0 -0.00197324281646 0.0 0.0 0.669233242816
0.0 0.0 -0.00232635420987 0.0 0.0 0.66958635421
0.0 0.0 -0.00270654197039 0.0 0.0 0.66996654197
0.0 0.0 -0.00311323192317 0.0 0.0 0.670373231923
0.0 0.0 -0.00354581279022 0.0 0.0 0.67080581279
0.0 0.0 -0.0040036376759 0.0 0.0 0.671263637676
0.0 0.0 -0.00448602561725 0.0 0.0 0.671746025617
0.0 0.0 -0.00499226319165 0.0 0.0 0.672252263191
0.0 0.0 -0.00552160617458 0.0 0.0 0.672781606174
0.0 0.0 -0.00607328124004 0.0 0.0 0.67333328124
0.0 0.0 -0.0066464876963 0.0 0.0 0.673906487696
0.0 0.0 -0.00724039924954 0.0 0.0 0.674500399249
0.0 0.0 -0.00785416578848 0.0 0.0 0.675114165788
0.0 0.0 -0.00848691518276 0.0 0.0 0.675746915182
0.0 0.0 -0.00913775508848 0.0 0.0 0.676397755088
0.0 0.0 -0.00980577475426 0.0 0.0 0.677065774754
0.0 0.0 -0.0104900468217 0.0 0.0 0.677750046821
0.0 0.0 -0.0111896291144 0.0 0.0 0.678449629114
0.0 0.0 -0.0119035664095 0.0 0.0 0.679163566409
0.0 0.0 -0.0126308921873 0.0 0.0 0.679890892187
0.0 0.0 -0.0133706303534 0.0 0.0 0.680630630353
0.0 0.0 -0.0141217969296 0.0 0.0 0.681381796929
0.0 0.0 -0.0148834017086 0.0 0.0 0.682143401708
0.0 0.0 -0.0156544498698 0.0 0.0 0.682914449869
0.0 0.0 -0.0164339435527 0.0 0.0 0.683693943552
0.0 0.0 -0.0172208833842 0.0 0.0 0.684480883384
0.0 0.0 -0.0180142699586 0.0 0.0 0.685274269958
0.0 0.0 -0.0188131052674 0.0 0.0 0.686073105267
0.0 0.0 -0.0196163940776 0.0 0.0 0.686876394077
0.0 0.0 -0.0204231452563 0.0 0.0 0.687683145256
0.0 0.0 -0.0212323730422 0.0 0.0 0.688492373042
0.0 0.0 -0.0220430982613 0.0 0.0 0.689303098261
0.0 0.0 -0.0228543494882 0.0 0.0 0.690114349488
0.0 0.0 -0.0236651641513 0.0 0.0 0.690925164151
0.0 0.0 -0.0244745895833 0.0 0.0 0.691734589583
0.0 0.0 -0.0252816840171 0.0 0.0 0.692541684017
0.0 0.0 -0.0260855175266 0.0 0.0 0.693345517526
0.0 0.0 -0.0268851729153 0.0 0.0 0.694145172915
0.0 0.0 -0.0276797465515 0.0 0.0 0.694939746551
0.0 0.0 -0.0284683491529 0.0 0.0 0.695728349152
0.0 0.0 -0.0292501065211 0.0 0.0 0.696510106521
0.0 0.0 -0.0300241602277 0.0 0.0 0.697284160227
0.0 0.0 -0.0307896682532 0.0 0.0 0.698049668253
0.0 0.0 -0.031545805581 0.0 0.0 0.698805805581
0.0 0.0 -0.0322917647474 0.0 0.0 0.699551764747
0.0 0.0 -0.0330267563502 0.0 0.0 0.70028675635
0.0 0.0 -0.0337500095171 0.0 0.0 0.701010009517
0.0 0.0 -0.0344607723355 0.0 0.0 0.701720772335
0.0 0.0 -0.0351583122468 0.0 0.0 0.702418312246
0.0 0.0 -0.035841916406 0.0 0.0 0.703101916406
0.0 0.0 -0.036510892008 0.0 0.0 0.703770892008
0.0 0.0 -0.0371645665843 0.0 0.0 0.704424566584
0.0 0.0 -0.0378022882704 0.0 0.0 0.70506228827
0.0 0.0 -0.0384234260457 0.0 0.0 0.705683426045
0.0 0.0 -0.0390273699489 0.0 0.0 0.706287369949
0.0 0.0 -0.0396135312695 0.0 0.0 0.706873531269
0.0 0.0 -0.0401813427172 0.0 0.0 0.707441342717
0.0 0.0 -0.0407302585717 0.0 0.0 0.707990258571
0.0 0.0 -0.0412597548136 0.0 0.0 0.708519754813
0.0 0.0 -0.0417693292379 0.0 0.0 0.709029329238
0.0 0.0 -0.0422585015528 0.0 0.0 0.709518501552
0.0 0.0 -0.0427268134635 0.0 0.0 0.709986813463
0.0 0.0 -0.0431738287433 0.0 0.0 0.710433828743
0.0 0.0 -0.0435991332939 0.0 0.0 0.710859133294
0.0 0.0 -0.0440023351944 0.0 0.0 0.711262335194
0.0 0.0 -0.0443830647419 0.0 0.0 0.711643064742
0.0 0.0 -0.0447409744838 0.0 0.0 0.712000974483
0.0 0.0 -0.0450757392428 0.0 0.0 0.712335739242
0.0 0.0 -0.0453870561365 0.0 0.0 0.712647056136
0.0 0.0 -0.045674644591 0.0 0.0 0.712934644591
0.0 0.0 -0.0459382463512 0.0 0.0 0.713198246351
0.0 0.0 -0.0461776254862 0.0 0.0 0.713437625486
0.0 0.0 -0.0463925683933 0.0 0.0 0.713652568393
0.0 0.0 -0.0465828837987 0.0 0.0 0.713842883798
0.0 0.0 -0.0467484027569 0.0 0.0 0.714008402757
0.0 0.0 -0.0468889786489 0.0 0.0 0.714148978649
0.0 0.0 -0.0470044871801 0.0 0.0 0.71426448718
0.0 0.0 -0.0470948263773 0.0 0.0 0.714354826377
0.0 0.0 -0.0471599165858 0.0 0.0 0.714419916585
0.0 0.0 -0.0471997004678 0.0 0.0 0.714459700467
0.0 0.0 -0.0472141429995 0.0 0.0 0.714474142999
0.0 0.0 -0.0472032314707 0.0 0.0 0.71446323147
0.0 0.0 -0.047166975484 0.0 0.0 0.714426975484
0.0 0.0 -0.0471054069552 0.0 0.0 0.714365406955
0.0 0.0 -0.0470185801143 0.0 0.0 0.714278580114
0.0 0.0 -0.0469065715075 0.0 0.0 0.714166571507
0.0 0.0 -0.0467694799994 0.0 0.0 0.714029479999
0.0 0.0 -0.0466074267757 0.0 0.0 0.713867426775
0.0 0.0 -0.0464205553457 0.0 0.0 0.713680555345
0.0 0.0 -0.0462090315454 0.0 0.0 0.713469031545
0.0 0.0 -0.0459730435385 0.0 0.0 0.713233043538
0.0 0.0 -0.0457128018181 0.0 0.0 0.712972801818
0.0 0.0 -0.0454285392052 0.0 0.0 0.712688539205
0.0 0.0 -0.0451205108459 0.0 0.0 0.712380510846
0.0 0.0 -0.0447889942062 0.0 0.0 0.712048994206
0.0 0.0 -0.0444342890621 0.0 0.0 0.711694289062
0.0 0.0 -0.0440567174866 0.0 0.0 0.711316717486
0.0 0.0 -0.0436566238315 0.0 0.0 0.710916623831
0.0 0.0 -0.0432343747024 0.0 0.0 0.710494374702
0.0 0.0 -0.0427903589278 0.0 0.0 0.710050358927
0.0 0.0 -0.0423249875201 0.0 0.0 0.70958498752
0.0 0.0 -0.0418386936273 0.0 0.0 0.709098693627
0.0 0.0 -0.0413319324744 0.0 0.0 0.708591932474
0.0 0.0 -0.0408051812946 0.0 0.0 0.708065181294
0.0 0.0 -0.0402589392462 0.0 0.0 0.707518939246
0.0 0.0 -0.0396937273168 0.0 0.0 0.706953727316
0.0 0.0 -0.0391100882118 0.0 0.0 0.706370088211
0.0 0.0 -0.0385085862257 0.0 0.0 0.705768586225
0.0 0.0 -0.0378898070953 0.0 0.0 0.705149807095
0.0 0.0 -0.0372543578333 0.0 0.0 0.704514357833
0.0 0.0 -0.0366028665393 0.0 0.0 0.703862866539
0.0 0.0 -0.0359359821887 0.0 0.0 0.703195982188
0.0 0.0 -0.0352543743957 0.0 0.0 0.702514374395
0.0 0.0 -0.0345587331499 0.0 0.0 0.701818733149
0.0 0.0 -0.0338497685241 0.0 0.0 0.701109768524
0.0 0.0 -0.0331282103522 0.0 0.0 0.700388210352
0.0 0.0 -0.0323948078738 0.0 0.0 0.699654807873
0.0 0.0 -0.0316503293456 0.0 0.0 0.698910329345
0.0 0.0 -0.0308955616162 0.0 0.0 0.698155561616
0.0 0.0 -0.0301313096632 0.0 0.0 0.697391309663
0.0 0.0 -0.0293583960905 0.0 0.0 0.69661839609
0.0 0.0 -0.028577660584 0.0 0.0 0.695837660584
0.0 0.0 -0.027789959324 0.0 0.0 0.695049959324
0.0 0.0 -0.0269961643527 0.0 0.0 0.694256164352
0.0 0.0 -0.0261971628943 0.0 0.0 0.693457162894
0.0 0.0 -0.0253938566277 0.0 0.0 0.692653856627
0.0 0.0 -0.0245871609093 0.0 0.0 0.691847160909
0.0 0.0 -0.023778003944 0.0 0.0 0.691038003944
0.0 0.0 -0.0229673259052 0.0 0.0 0.690227325905
0.0 0.0 -0.0221560780002 0.0 0.0 0.689416078
0.0 0.0 -0.0213452214829 0.0 0.0 0.688605221483
0.0 0.0 -0.0205357266108 0.0 0.0 0.68779572661
0.0 0.0 -0.0197285715468 0.0 0.0 0.686988571546
0.0 0.0 -0.0189247412066 0.0 0.0 0.686184741206
0.0 0.0 -0.0181252260496 0.0 0.0 0.685385226049
0.0 0.0 -0.0173310208161 0.0 0.0 0.684591020816
0.0 0.0 -0.0165431232094 0.0 0.0 0.683803123209
0.0 0.0 -0.0157625325252 0.0 0.0 0.683022532525
0.0 0.0 -0.0149902482287 0.0 0.0 0.682250248228
0.0 0.0 -0.0142272684816 0.0 0.0 0.681487268481
0.0 0.0 -0.0134745886212 0.0 0.0 0.680734588621
0.0 0.0 -0.0127331995931 0.0 0.0 0.679993199593
0.0 0.0 -0.0120040863415 0.0 0.0 0.679264086341
0.0 0.0 -0.0112882261595 0.0 0.0 0.678548226159
0.0 0.0 -0.0105865870028 0.0 0.0 0.677846587002
0.0 0.0 -0.0099001257719 0.0 0.0 0.677160125772
0.0 0.0 -0.00922978656613 0.0 0.0 0.676489786566
0.0 0.0 -0.00857649891458 0.0 0.0 0.675836498914
0.0 0.0 -0.00794117598931 0.0 0.0 0.675201175989
0.0 0.0 -0.00732471280618 0.0 0.0 0.674584712806
0.0 0.0 -0.00672798441914 0.0 0.0 0.673987984419
0.0 0.0 -0.00615184411428 0.0 0.0 0.673411844114
0.0 0.0 -0.00559712161001 0.0 0.0 0.67285712161
0.0 0.0 -0.00506462127012 0.0 0.0 0.67232462127
0.0 0.0 -0.00455512033682 0.0 0.0 0.671815120336
0.0 0.0 -0.00406936719061 0.0 0.0 0.67132936719
0.0 0.0 -0.00360807964454 0.0 0.0 0.670868079644
0.0 0.0 -0.00317194328007 0.0 0.0 0.67043194328
0.0 0.0 -0.00276160983197 0.0 0.0 0.670021609832
0.0 0.0 -0.00237769562956 0.0 0.0 0.669637695629
0.0 0.0 -0.00202078010178 0.0 0.0 0.669280780101
0.0 0.0 -0.00169140435303 0.0 0.0 0.668951404353
0.0 0.0 -0.00139006981696 0.0 0.0 0.668650069817
0.0 0.0 -0.00111723699481 0.0 0.0 0.668377236994
0.0 0.0 -0.000873324284773 0.0 0.0 0.668133324284
0.0 0.0 -0.000658706908465 0.0 0.0 0.667918706908
0.0 0.0 -0.000473715940091 0.0 0.0 0.66773371594
0.0 0.0 -0.000318637443491 0.0 0.0 0.667578637443
0.0 0.0 -0.000193711721726 0.0 0.0 0.667453711721
0.0 0.0 -9.91326832499e-05 0.0 0.0 0.667359132683
0.0 0.0 -3.50473281815e-05 0.0 0.0 0.667295047328
0.0 0.0 -1.55535747473e-06 0.0 0.0 0.667261555357
0.0 0.0 1.29109281944e-06 0.0 0.0 0.667258708907
0.0 0.0 -2.65124092676e-05 0.0 0.0 0.667286512409
0.0 0.0 -8.49225797852e-05 0.0 0.0 0.667344922579
0.0 0.0 -0.000173848534431 0.0 0.0 0.667433848534
0.0 0.0 -0.000293152030879 0.0 0.0 0.667553152031
0.0 0.0 -0.00044264783652 0.0 0.0 0.667702647836
0.0 0.0 -0.000622104219566 0.0 0.0 0.667882104219
0.0 0.0 -0.000831243560818 0.0 0.0 0.66809124356
0.0 0.0 -0.00106974308272 0.0 0.0 0.668329743082
0.0 0.0 -0.00133723569174 0.0 0.0 0.668597235691
0.0 0.0 -0.00163331092956 0.0 0.0 0.668893310929
0.0 0.0 -0.00195751602795 0.0 0.0 0.669217516028
0.0 0.0 -0.0023093570618 0.0 0.0 0.669569357061
0.0 0.0 -0.00268830019436 0.0 0.0 0.669948300194
0.0 0.0 -0.00309377300827 0.0 0.0 0.670353773008
0.0 0.0 -0.00352516591571 0.0 0.0 0.670785165915
0.0 0.0 -0.00398183364081 0.0 0.0 0.67124183364
0.0 0.0 -0.00446309676703 0.0 0.0 0.671723096767
0.0 0.0 -0.00496824334237 0.0 0.0 0.672228243342
0.0 0.0 -0.005496530535 0.0 0.0 0.672756530535
0.0 0.0 -0.00604718633181 0.0 0.0 0.673307186331
0.0 0.0 -0.00661941127267 0.0 0.0 0.673879411272
0.0 0.0 -0.00721238021302 0.0 0.0 0.674472380213
0.0 0.0 -0.00782524410759 0.0 0.0 0.675085244107
0.0 0.0 -0.00845713180834 0.0 0.0 0.675717131808
0.0 0.0 -0.0091071518698 0.0 0.0 0.676367151869
0.0 0.0 -0.00977439435527 0.0 0.0 0.677034394355
0.0 0.0 -0.0104579326377 0.0 0.0 0.677717932637
0.0 0.0 -0.0111568251891 0.0 0.0 0.678416825189
0.0 0.0 -0.0118701173534 0.0 0.0 0.679130117353
0.0 0.0 -0.0125968430972 0.0 0.0 0.679856843097
0.0 0.0 -0.0133360267328 0.0 0.0 0.680596026732
0.0 0.0 -0.0140866846111 0.0 0.0 0.681346684611
0.0 0.0 -0.0148478267779 0.0 0.0 0.682107826778
0.0 0.0 -0.0156184585917 0.0 0.0 0.682878458591
0.0 0.0 -0.0163975822989 0.0 0.0 0.683657582299
0.0 0.0 -0.0171841985634 0.0 0.0 0.684444198563
0.0 0.0 -0.017977307949 0.0 0.0 0.685237307949
0.0 0.0 -0.0187759123516 0.0 0.0 0.686035912351
0.0 0.0 -0.0195790163794 0.0 0.0 0.686839016379
0.0 0.0 -0.0203856286807 0.0 0.0 0.68764562868
0.0 0.0 -0.0211947632174 0.0 0.0 0.688454763217
0.0 0.0 -0.0220054404837 0.0 0.0 0.689265440483
0.0 0.0 -0.0228166886694 0.0 0.0 0.690076688669
0.0 0.0 -0.0236275447682 0.0 0.0 0.690887544768
0.0 0.0 -0.0244370556306 0.0 0.0 0.69169705563
0.0 0.0 -0.0252442789622 0.0 0.0 0.692504278962
0.0 0.0 -0.026048284267 0.0 0.0 0.693308284267
0.0 0.0 -0.0268481537387 0.0 0.0 0.694108153738
0.0 0.0 -0.0276429830981 0.0 0.0 0.694902983098
0.0 0.0 -0.02843188238 0.0 0.0 0.69569188238
0.0 0.0 -0.0292139766703 0.0 0.0 0.69647397667
0.0 0.0 -0.0299884067939 0.0 0.0 0.697248406794
0.0 0.0 -0.0307543299559 0.0 0.0 0.698014329956
0.0 0.0 -0.0315109203379 0.0 0.0 0.698770920338
0.0 0.0 -0.0322573696497 0.0 0.0 0.699517369649
0.0 0.0 -0.03299288764 0.0 0.0 0.70025288764
0.0 0.0 -0.0337167025663 0.0 0.0 0.700976702566
0.0 0.0 -0.0344280616268 0.0 0.0 0.701688061626
0.0 0.0 -0.0351262313564 0.0 0.0 0.702386231356
0.0 0.0 -0.035810497987 0.0 0.0 0.703070497987
0.0 0.0 -0.0364801677766 0.0 0.0 0.703740167776
0.0 0.0 -0.0371345673063 0.0 0.0 0.704394567306
0.0 0.0 -0.0377730437496 0.0 0.0 0.705033043749
0.0 0.0 -0.0383949651133 0.0 0.0 0.705654965113
0.0 0.0 -0.0389997204539 0.0 0.0 0.706259720454
0.0 0.0 -0.0395867200704 0.0 0.0 0.70684672007
0.0 0.0 -0.0401553956746 0.0 0.0 0.707415395674
0.0 0.0 -0.0407052005418 0.0 0.0 0.707965200541
0.0 0.0 -0.0412356096423 0.0 0.0 0.708495609642
0.0 0.0 -0.0417461197563 0.0 0.0 0.709006119756
0.0 0.0 -0.0422362495726 0.0 0.0 0.709496249572
0.0 0.0 -0.0427055397734 0.0 0.0 0.709965539773
0.0 0.0 -0.0431535531062 0.0 0.0 0.710413553106
0.0 0.0 -0.043579874444 0.0 0.0 0.710839874444
0.0 0.0 -0.0439841108356 0.0 0.0 0.711244110835
0.0 0.0 -0.0443658915457 0.0 0.0 0.711625891545
0.0 0.0 -0.0447248680881 0.0 0.0 0.711984868088
0.0 0.0 -0.0450607142508 0.0 0.0 0.71232071425
0.0 0.0 -0.0453731261161 0.0 0.0 0.712633126116
0.0 0.0 -0.0456618220742 0.0 0.0 0.712921822074
0.0 0.0 -0.0459265428335 0.0 0.0 0.713186542833
0.0 0.0 -0.0461670514268 0.0 0.0 0.713427051426
0.0 0.0 -0.0463831332146 0.0 0.0 0.713643133214
0.0 0.0 -0.0465745958866 0.0 0.0 0.713834595886
0.0 0.0 -0.0467412694605 0.0 0.0 0.71400126946
0.0 0.0 -0.046883006281 0.0 0.0 0.714143006281
0.0 0.0 -0.0469996810171 0.0 0.0 0.714259681017
0.0 0.0 -0.0470911906592 0.0 0.0 0.714351190659
0.0 0.0 -0.0471574545169 0.0 0.0 0.714417454517
0.0 0.0 -0.0471984142159 0.0 0.0 0.714458414216
0.0 0.0 -0.0472140336968 0.0 0.0 0.714474033696
0.0 0.0 -0.0472042992134 0.0 0.0 0.714464299213
0.0 0.0 -0.0471692193323 0.0 0.0 0.714429219332
0.0 0.0 -0.0471088249335 0.0 0.0 0.714368824933
0.0 0.0 -0.047023169211 0.0 0.0 0.714283169211
0.0 0.0 -0.0469123276748 0.0 0.0 0.714172327674
0.0 0.0 -0.0467763981534 0.0 0.0 0.714036398153
0.0 0.0 -0.0466155007961 0.0 0.0 0.713875500796
0.0 0.0 -0.0464297780758 0.0 0.0 0.713689778075
0.0 0.0 -0.0462193947918 0.0 0.0 0.713479394791
0.0 0.0 -0.0459845380714 0.0 0.0 0.713244538071
0.0 0.0 -0.0457254173708 0.0 0.0 0.71298541737
0.0 0.0 -0.0454422644745 0.0 0.0 0.712702264474
0.0 0.0 -0.0451353334925 0.0 0.0 0.712395333492
0.0 0.0 -0.0448049008544 0.0 0.0 0.712064900854
0.0 0.0 -0.0444512653009 0.0 0.0 0.711711265301
0.0 0.0 -0.0440747478703 0.0 0.0 0.71133474787
0.0 0.0 -0.0436756918802 0.0 0.0 0.71093569188
0.0 0.0 -0.043254462904 0.0 0.0 0.710514462904
0.0 0.0 -0.0428114487393 0.0 0.0 0.710071448739
0.0 0.0 -0.0423470593694 0.0 0.0 0.709607059369
0.0 0.0 -0.0418617269159 0.0 0.0 0.709121726916
0.0 0.0 -0.0413559055804 0.0 0.0 0.70861590558
0.0 0.0 -0.040830071576 0.0 0.0 0.708090071576
0.0 0.0 -0.040284723045 0.0 0.0 0.707544723045
0.0 0.0 -0.0397203799641 0.0 0.0 0.706980379964
0.0 0.0 -0.0391375840331 0.0 0.0 0.706397584033
0.0 0.0 -0.0385368985472 0.0 0.0 0.705796898547
0.0 0.0 -0.0379189082514 0.0 0.0 0.705178908251
0.0 0.0 -0.0372842191745 0.0 0.0 0.704544219174
0.0 0.0 -0.0366334584417 0.0 0.0 0.703893458441
0.0 0.0 -0.0359672740643 0.0 0.0 0.703227274064
0.0 0.0 -0.0352863347038 0.0 0.0 0.702546334703
0.0 0.0 -0.0345913294102 0.0 0.0 0.70185132941
0.0 0.0 -0.0338829673308 0.0 0.0 0.70114296733
0.0 0.0 -0.0331619773897 0.0 0.0 0.700421977389
0.0 0.0 -0.0324291079339 0.0 0.0 0.699689107934
0.0 0.0 -0.0316851263462 0.0 0.0 0.698945126346
0.0 0.0 -0.0309308186222 0.0 0.0 0.698190818622
0.0 0.0 -0.0301669889085 0.0 0.0 0.697426988908
0.0 0.0 -0.0293944590026 0.0 0.0 0.696654459002
0.0 0.0 -0.0286140678098 0.0 0.0 0.695874067809
0.0 0.0 -0.0278266707585 0.0 0.0 0.695086670758
0.0 0.0 -0.0270331391689 0.0 0.0 0.694293139169
0.0 0.0 -0.0262343595763 0.0 0.0 0.693494359576
0.0 0.0 -0.0254312330053 0.0 0.0 0.692691233005
0.0 0.0 -0.0246246741952 0.0 0.0 0.691884674195
0.0 0.0 -0.0238156107736 0.0 0.0 0.691075610773
0.0 0.0 -0.0230049823782 0.0 0.0 0.690264982378
0.0 0.0 -0.0221937397259 0.0 0.0 0.689453739726
0.0 0.0 -0.0213828436267 0.0 0.0 0.688642843626
0.0 0.0 -0.0205732639438 0.0 0.0 0.687833263943
0.0 0.0 -0.0197659784984 0.0 0.0 0.687025978498
0.0 0.0 -0.0189619719187 0.0 0.0 0.686221971918
0.0 0.0 -0.0181622344347 0.0 0.0 0.685422234434
0.0 0.0 -0.0173677606165 0.0 0.0 0.684627760616
0.0 0.0 -0.0165795480598 0.0 0.0 0.683839548059
0.0 0.0 -0.0157985960173 0.0 0.0 0.683058596017
0.0 0.0 -0.0150259039788 0.0 0.0 0.682285903978
0.0 0.0 -0.0142624701997 0.0 0.0 0.681522470199
0.0 0.0 -0.0135092901828 0.0 0.0 0.680769290182
0.0 0.0 -0.0127673551129 0.0 0.0 0.680027355113
0.0 0.0 -0.0120376502491 0.0 0.0 0.679297650249
0.0 0.0 -0.0113211532766 0.0 0.0 0.678581153276
0.0 0.0 -0.0106188326225 0.0 0.0 0.677878832622
0.0 0.0 -0.00993164573902 0.0 0.0 0.677191645739
0.0 0.0 -0.00926053735877 0.0 0.0 0.676520537358
0.0 0.0 -0.00860643772672 0.0 0.0 0.675866437726
0.0 0.0 -0.00797026081406 0.0 0.0 0.675230260814
0.0 0.0 -0.00735290251952 0.0 0.0 0.674612902519
0.0 0.0 -0.00675523886378 0.0 0.0 0.674015238863
0.0 0.0 -0.00617812418346 0.0 0.0 0.673438124183
0.0 0.0 -0.00562238933077 0.0 0.0 0.67288238933
0.0 0.0 -0.00508883988594 0.0 0.0 0.672348839886
0.0 0.0 -0.00457825438904 0.0 0.0 0.671838254389
0.0 0.0 -0.00409138259858 0.0 0.0 0.671351382598
0.0 0.0 -0.0036289437839 0.0 0.0 0.670888943784
0.0 0.0 -0.00319162505901 0.0 0.0 0.670451625059
0.0 0.0 -0.00278007976501 0.0 0.0 0.670040079765
0.0 0.0 -0.00239492590855 0.0 0.0 0.669654925908
0.0 0.0 -0.00203674466381 0.0 0.0 0.669296744663
0.0 0.0 -0.00170607894488 0.0 0.0 0.668966078945
0.0 0.0 -0.00140343205574 0.0 0.0 0.668663432055
0.0 0.0 -0.00112926642461 0.0 0.0 0.668389266424
0.0 0.0 -0.000884002428889 0.0 0.0 0.668144002429
0.0 0.0 -0.000668017317004 0.0 0.0 0.667928017317
0.0 0.0 -0.000481644232698 0.0 0.0 0.667741644232
0.0 0.0 -0.000325171346958 0.0 0.0 0.667585171347
0.0 0.0 -0.000198841102272 0.0 0.0 0.667458841102
0.0 0.0 -0.000102849573318 0.0 0.0 0.667362849573
0.0 0.0 -3.73459475877e-05 0.0 0.0 0.667297345947
0.0 0.0 -2.43212879642e-06 0.0 0.0 0.667262432128
0.0 0.0 1.83753469812e-06 0.0 0.0 0.667258162465
0.0 0.0 -2.45436050251e-05 0.0 0.0 0.667284543605
0.0 0.0 -8.15344776949e-05 0.0 0.0 0.667341534477
0.0 0.0 -0.00016904640451 0.0 0.0 0.667429046404
0.0 0.0 -0.000286943334605 0.0 0.0 0.667546943334
0.0 0.0 -0.000435042207012 0.0 0.0 0.667695042207
0.0 0.0 -0.000613113436088 0.0 0.0 0.667873113436
0.0 0.0 -0.000820881517751 0.0 0.0 0.668080881517
0.0 0.0 -0.00105802575318 0.0 0.0 0.668318025753
0.0 0.0 -0.00132418108601 0.0 0.0 0.668584181086
0.0 0.0 -0.00161893904862 0.0 0.0 0.668878939048
0.0 0.0 -0.00194184881226 0.0 0.0 0.669201848812
0.0 0.0 -0.00229241833568 0.0 0.0 0.669552418335
0.0 0.0 -0.00267011560627 0.0 0.0 0.669930115606
0.0 0.0 -0.00307436996715 0.0 0.0 0.670334369967
0.0 0.0 -0.00350457352391 0.0 0.0 0.670764573524
0.0 0.0 -0.00396008262374 0.0 0.0 0.671220082623
0.0 0.0 -0.00444021940001 0.0 0.0 0.6717002194
0.0 0.0 -0.00494427337492 0.0 0.0 0.672204273375
0.0 0.0 -0.00547150311297 0.0 0.0 0.672731503113
0.0 0.0 -0.00602113791766 0.0 0.0 0.673281137917
0.0 0.0 -0.00659237956432 0.0 0.0 0.673852379564
0.0 0.0 -0.00718440406145 0.0 0.0 0.674444404061
0.0 0.0 -0.00779636343368 0.0 0.0 0.675056363433
0.0 0.0 -0.00842738751918 0.0 0.0 0.675687387519
0.0 0.0 -0.00907658577482 0.0 0.0 0.676336585774
0.0 0.0 -0.00974304908242 0.0 0.0 0.677003049082
0.0 0.0 -0.0104258515501 0.0 0.0 0.67768585155
0.0 0.0 -0.0111240523022 0.0 0.0 0.678384052302
0.0 0.0 -0.0118366972534 0.0 0.0 0.679096697253
0.0 0.0 -0.0125628208599 0.0 0.0 0.67982282086
0.0 0.0 -0.0133014478445 0.0 0.0 0.680561447844
0.0 0.0 -0.0140515948909 0.0 0.0 0.681311594891
0.0 0.0 -0.0148122723014 0.0 0.0 0.682072272301
0.0 0.0 -0.015582485617 0.0 0.0 0.682842485617
0.0 0.0 -0.0163612371942 0.0 0.0 0.683621237194
0.0 0.0 -0.0171475277373 0.0 0.0 0.684407527737
0.0 0.0 -0.0179403577828 0.0 0.0 0.685200357782
0.0 0.0 -0.0187387291334 0.0 0.0 0.685998729133
0.0 0.0 -0.0195416462418 0.0 0.0 0.686801646241
0.0 0.0 -0.0203481175402 0.0 0.0 0.68760811754
0.0 0.0 -0.0211571567164 0.0 0.0 0.688417156716
0.0 0.0 -0.021967783935 0.0 0.0 0.689227783935
0.0 0.0 -0.0227790270037 0.0 0.0 0.690039027003
0.0 0.0 -0.0235899224837 0.0 0.0 0.690849922483
0.0 0.0 -0.0243995167454 0.0 0.0 0.691659516745
0.0 0.0 -0.0252068669689 0.0 0.0 0.692466866969
0.0 0.0 -0.0260110420908 0.0 0.0 0.69327104209
0.0 0.0 -0.0268111236963 0.0 0.0 0.694071123696
0.0 0.0 -0.0276062068605 0.0 0.0 0.69486620686
0.0 0.0 -0.0283954009371 0.0 0.0 0.695655400937
0.0 0.0 -0.0291778302975 0.0 0.0 0.696437830297
0.0 0.0 -0.0299526350213 0.0 0.0 0.697212635021
0.0 0.0 -0.0307189715398 0.0 0.0 0.697978971539
0.0 0.0 -0.0314760132338 0.0 0.0 0.698736013233
0.0 0.0 -0.0322229509877 0.0 0.0 0.699482950987
0.0 0.0 -0.032958993702 0.0 0.0 0.700218993702
0.0 0.0 -0.0336833687651 0.0 0.0 0.700943368765
0.0 0.0 -0.0343953224868 0.0 0.0 0.701655322486
0.0 0.0 -0.0350941204961 0.0 0.0 0.702354120496
0.0 0.0 -0.0357790481028 0.0 0.0 0.703039048102
0.0 0.0 -0.0364494106285 0.0 0.0 0.703709410628
0.0 0.0 -0.0371045337046 0.0 0.0 0.704364533704
0.0 0.0 -0.0377437635429 0.0 0.0 0.705003763543
0.0 0.0 -0.0383664671781 0.0 0.0 0.705626467178
0.0 0.0 -0.038972032685 0.0 0.0 0.706232032685
0.0 0.0 -0.0395598693725 0.0 0.0 0.706819869372
0.0 0.0 -0.0401294079548 0.0 0.0 0.707389407954
0.0 0.0 -0.040680100703 0.0 0.0 0.707940100703
0.0 0.0 -0.0412114215776 0.0 0.0 0.708471421577
0.0 0.0 -0.0417228663438 0.0 0.0 0.708982866343
0.0 0.0 -0.0422139526715 0.0 0.0 0.709473952671
0.0 0.0 -0.0426842202199 0.0 0.0 0.70994422022
0.0 0.0 -0.0431332307109 0.0 0.0 0.71039323071
0.0 0.0 -0.0435605679891 0.0 0.0 0.710820567989
0.0 0.0 -0.0439658380726 0.0 0.0 0.711225838072
0.0 0.0 -0.0443486691942 0.0 0.0 0.711608669194
0.0 0.0 -0.0447087118339 0.0 0.0 0.711968711834
0.0 0.0 -0.0450456387454 0.0 0.0 0.712305638745
0.0 0.0 -0.0453591449753 0.0 0.0 0.712619144975
0.0 0.0 -0.0456489478781 0.0 0.0 0.712908947878
0.0 0.0 -0.0459147871258 0.0 0.0 0.713174787125
0.0 0.0 -0.0461564247147 0.0 0.0 0.713416424714
0.0 0.0 -0.0463736449688 0.0 0.0 0.713633644968
0.0 0.0 -0.0465662545408 0.0 0.0 0.71382625454
0.0 0.0 -0.0467340824122 0.0 0.0 0.713994082412
0.0 0.0 -0.0468769798911 0.0 0.0 0.714136979891
0.0 0.0 -0.0469948206101 0.0 0.0 0.71425482061
0.0 0.0 -0.0470875005233 0.0 0.0 0.714347500523
0.0 0.0 -0.0471549379042 0.0 0.0 0.714414937904
0.0 0.0 -0.0471970733426 0.0 0.0 0.714457073342
0.0 0.0 -0.047213869743 0.0 0.0 0.714473869743
0.0 0.0 -0.0472053123234 0.0 0.0 0.714465312323
0.0 0.0 -0.0471714086146 0.0 0.0 0.714431408614
0.0 0.0 -0.0471121884604 0.0 0.0 0.71437218846
0.0 0.0 -0.047027704019 0.0 0.0 0.714287704019
0.0 0.0 -0.0469180297643 0.0 0.0 0.714178029764
0.0 0.0 -0.0467832624886 0.0 0.0 0.714043262488
0.0 0.0 -0.0466235213047 0.0 0.0 0.713883521304
0.0 0.0 -0.0464389476493 0.0 0.0 0.713698947649
0.0 0.0 -0.046229705285 0.0 0.0 0.713489705285
0.0 0.0 -0.0459959803025 0.0 0.0 0.713255980302
0.0 0.0 -0.0457379811213 0.0 0.0 0.712997981121
0.0 0.0 -0.0454559384895 0.0 0.0 0.712715938489
0.0 0.0 -0.0451501054804 0.0 0.0 0.71241010548
0.0 0.0 -0.0448207574879 0.0 0.0 0.712080757488
0.0 0.0 -0.044468192217 0.0 0.0 0.711728192217
0.0 0.0 -0.0440927296711 0.0 0.0 0.711352729671
0.0 0.0 -0.0436947121341 0.0 0.0 0.710954712134
0.0 0.0 -0.0432745041467 0.0 0.0 0.710534504146
0.0 0.0 -0.0428324924754 0.0 0.0 0.710092492475
0.0 0.0 -0.0423690860747 0.0 0.0 0.709629086074
0.0 0.0 -0.0418847160395 0.0 0.0 0.709144716039
0.0 0.0 -0.0413798355479 0.0 0.0 0.708639835547
0.0 0.0 -0.0408549197925 0.0 0.0 0.708114919792
0.0 0.0 -0.0403104658998 0.0 0.0 0.707570465899
0.0 0.0 -0.039746992835 0.0 0.0 0.707006992835
0.0 0.0 -0.039165041292 0.0 0.0 0.706425041292
0.0 0.0 -0.0385651735667 0.0 0.0 0.705825173566
0.0 0.0 -0.0379479734117 0.0 0.0 0.705207973411
0.0 0.0 -0.0373140458717 0.0 0.0 0.704574045871
0.0 0.0 -0.0366640170968 0.0 0.0 0.703924017096
0.0 0.0 -0.0359985341338 0.0 0.0 0.703258534133
0.0 0.0 -0.0353182646911 0.0 0.0 0.702578264691
0.0 0.0 -0.0346238968782 0.0 0.0 0.701883896878
0.0 0.0 -0.0339161389164 0.0 0.0 0.701176138916
0.0 0.0 -0.0331957188191 0.0 0.0 0.700455718819
0.0 0.0 -0.0324633840399 0.0 0.0 0.69972338404
0.0 0.0 -0.031719901087 0.0 0.0 0.698979901087
0.0 0.0 -0.0309660551017 0.0 0.0 0.698226055101
0.0 0.0 -0.0302026493988 0.0 0.0 0.697462649398
0.0 0.0 -0.0294305049678 0.0 0.0 0.696690504967
0.0 0.0 -0.0286504599327 0.0 0.0 0.695910459932
0.0 0.0 -0.0278633689681 0.0 0.0 0.695123368968
0.0 0.0 -0.0270701026712 0.0 0.0 0.694330102671
0.0 0.0 -0.0262715468866 0.0 0.0 0.693531546886
0.0 0.0 -0.0254686019829 0.0 0.0 0.692728601983
0.0 0.0 -0.0246621820807 0.0 0.0 0.69192218208
0.0 0.0 -0.0238532142281 0.0 0.0 0.691113214228
0.0 0.0 -0.0230426375256 0.0 0.0 0.690302637525
0.0 0.0 -0.0222314021971 0.0 0.0 0.689491402197
0.0 0.0 -0.0214204686064 0.0 0.0 0.688680468606
0.0 0.0 -0.0206108062205 0.0 0.0 0.68787080622
0.0 0.0 -0.0198033925161 0.0 0.0 0.687063392516
0.0 0.0 -0.0189992118317 0.0 0.0 0.686259211831
0.0 0.0 -0.0181992541645 0.0 0.0 0.685459254164
0.0 0.0 -0.0174045139119 0.0 0.0 0.684664513912
0.0 0.0 -0.0166159885592 0.0 0.0 0.683875988559
0.0 0.0 -0.0158346773131 0.0 0.0 0.683094677313
0.0 0.0 -0.0150615796844 0.0 0.0 0.682321579684
0.0 0.0 -0.0142976940192 0.0 0.0 0.681557694019
0.0 0.0 -0.0135440159824 0.0 0.0 0.680804015982
0.0 0.0 -0.0128015369946 0.0 0.0 0.680061536994
0.0 0.0 -0.0120712426261 0.0 0.0 0.679331242626
0.0 0.0 -0.0113541109508 0.0 0.0 0.67861411095
0.0 0.0 -0.0106511108633 0.0 0.0 0.677911110863
0.0 0.0 -0.0099632003638 0.0 0.0 0.677223200363
0.0 0.0 -0.00929132481442 0.0 0.0 0.676551324814
0.0 0.0 -0.00863641517213 0.0 0.0 0.675896415172
0.0 0.0 -0.00799938620339 0.0 0.0 0.675259386203
0.0 0.0 -0.0073811346859 0.0 0.0 0.674641134686
0.0 0.0 -0.0067825376032 0.0 0.0 0.674042537603
0.0 0.0 -0.00620445033851 0.0 0.0 0.673464450338
0.0 0.0 -0.00564770487404 0.0 0.0 0.672907704874
0.0 0.0 -0.00511310800261 0.0 0.0 0.672373108002
0.0 0.0 -0.00460143955843 0.0 0.0 0.671861439558
0.0 0.0 -0.00411345067429 0.0 0.0 0.671373450674
0.0 0.0 -0.00364986207228 0.0 0.0 0.670909862072
0.0 0.0 -0.00321136239544 0.0 0.0 0.670471362395
0.0 0.0 -0.00279860658782 0.0 0.0 0.670058606588
0.0 0.0 -0.00241221433022 0.0 0.0 0.66967221433
0.0 0.0 -0.00205276853894 0.0 0.0 0.669312768539
0.0 0.0 -0.00172081393484 0.0 0.0 0.668980813935
0.0 0.0 -0.00141685568955 0.0 0.0 0.668676855689
0.0 0.0 -0.00114135815569 0.0 0.0 0.668401358155
0.0 0.0 -0.00089474368756 0.0 0.0 0.668154743687
0.0 0.0 -0.000677391558297 0.0 0.0 0.667937391558
0.0 0.0 -0.000489636979308 0.0 0.0 0.667749636979
0.0 0.0 -0.000331770227091 0.0 0.0 0.667591770227
0.0 0.0 -0.000204035882187 0.0 0.0 0.667464035882
0.0 0.0 -0.000106632184379 0.0 0.0 0.667366632184
0.0 0.0 -3.97105076723e-05 0.0 0.0 0.667299710507
0.0 0.0 -3.37495796054e-06 0.0 0.0 0.667263374958
0.0 0.0 2.31790440619e-06 0.0 0.0 0.667257682095
0.0 0.0 -2.26407844084e-05 0.0 0.0 0.667282640784
0.0 0.0 -7.82121680492e-05 0.0 0.0 0.667338212168
0.0 0.0 -0.000164309773725 0.0 0.0 0.667424309773
0.0 0.0 -0.000280799742815 0.0 0.0 0.667540799743
0.0 0.0 -0.000427501187034 0.0 0.0 0.667687501187
0.0 0.0 -0.000604186668195 0.0 0.0 0.667864186668
0.0 0.0 -0.000810582798894 0.0 0.0 0.668070582799
0.0 0.0 -0.00104637096084 0.0 0.0 0.668306370961
0.0 0.0 -0.00131118813691 0.0 0.0 0.668571188137
0.0 0.0 -0.00160462785239 0.0 0.0 0.668864627852
0.0 0.0 -0.00192624122052 0.0 0.0 0.66918624122
0.0 0.0 -0.0022755380866 0.0 0.0 0.669535538086
0.0 0.0 -0.00265198826498 0.0 0.0 0.669911988265
0.0 0.0 -0.00305502286233 0.0 0.0 0.670315022862
0.0 0.0 -0.00348403568082 0.0 0.0 0.670744035681
0.0 0.0 -0.00393838469405 0.0 0.0 0.671198384694
0.0 0.0 -0.00441739358873 0.0 0.0 0.671677393588
0.0 0.0 -0.00492035336484 0.0 0.0 0.672180353365
0.0 0.0 -0.00544652398685 0.0 0.0 0.672706523987
0.0 0.0 -0.00599513607866 0.0 0.0 0.673255136078
0.0 0.0 -0.00656539265479 0.0 0.0 0.673825392654
0.0 0.0 -0.00715647088068 0.0 0.0 0.67441647088
0.0 0.0 -0.00776752385472 0.0 0.0 0.675027523854
0.0 0.0 -0.00839768240521 0.0 0.0 0.675657682405
0.0 0.0 -0.00904605689521 0.0 0.0 0.676306056895
0.0 0.0 -0.009711739029 0.0 0.0 0.676971739029
0.0 0.0 -0.0103938036536 0.0 0.0 0.677653803653
0.0 0.0 -0.0110913105498 0.0 0.0 0.67835131055
0.0 0.0 -0.0118033062064 0.0 0.0 0.679063306206
0.0 0.0 -0.0125288255732 0.0 0.0 0.679788825573
0.0 0.0 -0.0132668937872 0.0 0.0 0.680526893787
0.0 0.0 -0.0140165278683 0.0 0.0 0.681276527868
0.0 0.0 -0.0147767383788 0.0 0.0 0.682036738379
0.0 0.0 -0.0155465310456 0.0 0.0 0.682806531045
0.0 0.0 -0.0163249083387 0.0 0.0 0.683584908338
0.0 0.0 -0.017110871006 0.0 0.0 0.684370871006
0.0 0.0 -0.0179034195594 0.0 0.0 0.685163419559
0.0 0.0 -0.0187015557122 0.0 0.0 0.685961555712
0.0 0.0 -0.0195042837638 0.0 0.0 0.686764283764
0.0 0.0 -0.0203106119333 0.0 0.0 0.687570611933
0.0 0.0 -0.0211195536367 0.0 0.0 0.688379553636
0.0 0.0 -0.0219301287121 0.0 0.0 0.689190128712
0.0 0.0 -0.022741364587 0.0 0.0 0.690001364587
0.0 0.0 -0.0235522973925 0.0 0.0 0.690812297392
0.0 0.0 -0.0243619730212 0.0 0.0 0.691621973021
0.0 0.0 -0.0251694481298 0.0 0.0 0.69242944813
0.0 0.0 -0.0259737910889 0.0 0.0 0.693233791089
0.0 0.0 -0.0267740828777 0.0 0.0 0.694034082877
0.0 0.0 -0.027569417927 0.0 0.0 0.694829417927
0.0 0.0 -0.0283589049108 0.0 0.0 0.695618904911
0.0 0.0 -0.0291416674878 0.0 0.0 0.696401667487
0.0 0.0 -0.0299168449936 0.0 0.0 0.697176844993
0.0 0.0 -0.0306835930868 0.0 0.0 0.697943593086
0.0 0.0 -0.0314410843487 0.0 0.0 0.698701084348
0.0 0.0 -0.0321885088395 0.0 0.0 0.699448508839
0.0 0.0 -0.0329250746124 0.0 0.0 0.700185074612
0.0 0.0 -0.0336500081878 0.0 0.0 0.700910008187
0.0 0.0 -0.0343625549878 0.0 0.0 0.701622554988
0.0 0.0 -0.0350619797362 0.0 0.0 0.702321979736
0.0 0.0 -0.0357475668218 0.0 0.0 0.703007566822
0.0 0.0 -0.03641862063 0.0 0.0 0.70367862063
0.0 0.0 -0.0370744658432 0.0 0.0 0.704334465843
0.0 0.0 -0.0377144477123 0.0 0.0 0.704974447712
0.0 0.0 -0.0383379323 0.0 0.0 0.7055979323
0.0 0.0 -0.0389443067001 0.0 0.0 0.7062043067
0.0 0.0 -0.0395329792315 0.0 0.0 0.706792979231
0.0 0.0 -0.0401033796113 0.0 0.0 0.707363379611
0.0 0.0 -0.0406549591067 0.0 0.0 0.707914959106
0.0 0.0 -0.0411871906685 0.0 0.0 0.708447190668
0.0 0.0 -0.0416995690474 0.0 0.0 0.708959569047
0.0 0.0 -0.0421916108941 0.0 0.0 0.709451610894
0.0 0.0 -0.0426628548456 0.0 0.0 0.709922854845
0.0 0.0 -0.0431128615978 0.0 0.0 0.710372861598
0.0 0.0 -0.0435412139671 0.0 0.0 0.710801213967
0.0 0.0 -0.0439475169414 0.0 0.0 0.711207516941
0.0 0.0 -0.044331397721 0.0 0.0 0.711591397721
0.0 0.0 -0.0446925057528 0.0 0.0 0.711952505753
0.0 0.0 -0.0450305127556 0.0 0.0 0.712290512755
0.0 0.0 -0.045345112741 0.0 0.0 0.712605112741
0.0 0.0 -0.0456360220274 0.0 0.0 0.712896022027
0.0 0.0 -0.0459029792506 0.0 0.0 0.71316297925
0.0 0.0 -0.0461457453703 0.0 0.0 0.71340574537
0.0 0.0 -0.0463641036738 0.0 0.0 0.713624103674
0.0 0.0 -0.0465578597774 0.0 0.0 0.713817859777
0.0 0.0 -0.0467268416258 0.0 0.0 0.713986841626
0.0 0.0 -0.0468708994907 0.0 0.0 0.71413089949
0.0 0.0 -0.0469899059682 0.0 0.0 0.714249905968
0.0 0.0 -0.0470837559764 0.0 0.0 0.714343755976
0.0 0.0 -0.0471523667525 0.0 0.0 0.714412366752
0.0 0.0 -0.0471956778503 0.0 0.0 0.71445567785
0.0 0.0 -0.0472136511384 0.0 0.0 0.714473651138
0.0 0.0 -0.0472062707989 0.0 0.0 0.714466270799
0.0 0.0 -0.0471735433265 0.0 0.0 0.714433543326
0.0 0.0 -0.0471154975294 0.0 0.0 0.714375497529
0.0 0.0 -0.0470321845297 0.0 0.0 0.714292184529
0.0 0.0 -0.0469236777651 0.0 0.0 0.714183677765
0.0 0.0 -0.0467900729917 0.0 0.0 0.714050072992
0.0 0.0 -0.0466314882862 0.0 0.0 0.713891488286
0.0 0.0 -0.0464480640487 0.0 0.0 0.713708064048
0.0 0.0 -0.0462399630051 0.0 0.0 0.713499963005
0.0 0.0 -0.0460073702097 0.0 0.0 0.713267370209
0.0 0.0 -0.0457504930453 0.0 0.0 0.713010493045
0.0 0.0 -0.0454695612233 0.0 0.0 0.712729561223
0.0 0.0 -0.0451648267809 0.0 0.0 0.712424826781
0.0 0.0 -0.0448365640756 0.0 0.0 0.712096564075
0.0 0.0 -0.0444850697769 0.0 0.0 0.711745069777
0.0 0.0 -0.0441106628535 0.0 0.0 0.711370662853
0.0 0.0 -0.0437136845554 0.0 0.0 0.710973684555
0.0 0.0 -0.0432944983903 0.0 0.0 0.71055449839
0.0 0.0 -0.042853490094 0.0 0.0 0.710113490094
0.0 0.0 -0.0423910675917 0.0 0.0 0.709651067592
0.0 0.0 -0.0419076609516 0.0 0.0 0.709167660951
0.0 0.0 -0.041403722328 0.0 0.0 0.708663722328
0.0 0.0 -0.0408797258932 0.0 0.0 0.708139725893
0.0 0.0 -0.0403361677573 0.0 0.0 0.707596167757
0.0 0.0 -0.039773565874 0.0 0.0 0.707033565874
0.0 0.0 -0.0391924599311 0.0 0.0 0.706452459931
0.0 0.0 -0.0385934112247 0.0 0.0 0.705853411224
0.0 0.0 -0.0379770025146 0.0 0.0 0.705237002514
0.0 0.0 -0.037343837861 0.0 0.0 0.704603837861
0.0 0.0 -0.0366945424388 0.0 0.0 0.703954542439
0.0 0.0 -0.0360297623294 0.0 0.0 0.703289762329
0.0 0.0 -0.0353501642875 0.0 0.0 0.702610164287
0.0 0.0 -0.034656435482 0.0 0.0 0.701916435482
0.0 0.0 -0.033949283207 0.0 0.0 0.701209283207
0.0 0.0 -0.0332294345646 0.0 0.0 0.700489434564
0.0 0.0 -0.0324976361142 0.0 0.0 0.699757636114
0.0 0.0 -0.0317546534884 0.0 0.0 0.699014653488
0.0 0.0 -0.0310012709733 0.0 0.0 0.698261270973
0.0 0.0 -0.0302382910508 0.0 0.0 0.697498291051
0.0 0.0 -0.0294665339014 0.0 0.0 0.696726533901
0.0 0.0 -0.0286868368661 0.0 0.0 0.695946836866
0.0 0.0 -0.0279000538648 0.0 0.0 0.695160053865
0.0 0.0 -0.0271070547701 0.0 0.0 0.69436705477
0.0 0.0 -0.0263087247342 0.0 0.0 0.693568724734
0.0 0.0 -0.0255059634683 0.0 0.0 0.692765963468
0.0 0.0 -0.0246996844722 0.0 0.0 0.691959684472
0.0 0.0 -0.0238908142129 0.0 0.0 0.691150814213
0.0 0.0 -0.0230802912516 0.0 0.0 0.690340291251
0.0 0.0 -0.0222690653169 0.0 0.0 0.689529065317
0.0 0.0 -0.0214580963247 0.0 0.0 0.688718096324
0.0 0.0 -0.0206483533428 0.0 0.0 0.687908353343
0.0 0.0 -0.0198408135011 0.0 0.0 0.687100813501
0.0 0.0 -0.019036460846 0.0 0.0 0.686296460846
0.0 0.0 -0.0182362851391 0.0 0.0 0.685496285139
0.0 0.0 -0.0174412806025 0.0 0.0 0.684701280602
0.0 0.0 -0.0166524446076 0.0 0.0 0.683912444607
0.0 0.0 -0.0158707763123 0.0 0.0 0.683130776312
0.0 0.0 -0.0150972752456 0.0 0.0 0.682357275245
0.0 0.0 -0.0143329398407 0.0 0.0 0.68159293984
0.0 0.0 -0.0135787659212 0.0 0.0 0.680838765921
0.0 0.0 -0.01283574514 0.0 0.0 0.68009574514
0.0 0.0 -0.0121048633752 0.0 0.0 0.679364863375
0.0 0.0 -0.0113870990857 0.0 0.0 0.678647099085
0.0 0.0 -0.0106834216299 0.0 0.0 0.67794342163
0.0 0.0 -0.00999478955237 0.0 0.0 0.677254789552
0.0 0.0 -0.00932214884073 0.0 0.0 0.676582148841
0.0 0.0 -0.00866643116017 0.0 0.0 0.67592643116
0.0 0.0 -0.00802855206857 0.0 0.0 0.675288552068
0.0 0.0 -0.00740940921867 0.0 0.0 0.674669409219
0.0 0.0 -0.00680988055299 0.0 0.0 0.674069880553
0.0 0.0 -0.00623082249749 0.0 0.0 0.673490822497
0.0 0.0 -0.00567306816049 0.0 0.0 0.67293306816
0.0 0.0 -0.00513742554359 0.0 0.0 0.672397425543
0.0 0.0 -0.0046246757714 0.0 0.0 0.671884675771
0.0 0.0 -0.00413557134731 0.0 0.0 0.671395571347
0.0 0.0 -0.00367083444253 0.0 0.0 0.670930834442
0.0 0.0 -0.00323115522567 0.0 0.0 0.670491155226
0.0 0.0 -0.00281719024035 0.0 0.0 0.67007719024
0.0 0.0 -0.00242956083825 0.0 0.0 0.669689560838
0.0 0.0 -0.00206885167475 0.0 0.0 0.669328851675
0.0 0.0 -0.00173560927454 0.0 0.0 0.668995609274
0.0 0.0 -0.00143034067415 0.0 0.0 0.668690340674
0.0 0.0 -0.0011535121481 0.0 0.0 0.668413512148
0.0 0.0 -0.000905548025206 0.0 0.0 0.668165548025
0.0 0.0 -0.000686829601223 0.0 0.0 0.667946829601
0.0 0.0 -0.000497694153337 0.0 0.0 0.667757694153
0.0 0.0 -0.000338434061918 0.0 0.0 0.667598434062
0.0 0.0 -0.00020929604417 0.0 0.0 0.667469296044
0.0 0.0 -0.000110480503844 0.0 0.0 0.667370480504
0.0 0.0 -4.21410005966e-05 0.0 0.0 0.667302141
0.0 0.0 -4.38384189881e-06 0.0 0.0 0.667264383842
0.0 0.0 2.73220023105e-06 0.0 0.0 0.6672572678
0.0 0.0 -2.08039539056e-05 0.0 0.0 0.667280803954
0.0 0.0 -7.49556620946e-05 0.0 0.0 0.667334955662
0.0 0.0 -0.000159638658053 0.0 0.0 0.667419638658
0.0 0.0 -0.000274721276169 0.0 0.0 0.667534721276
0.0 0.0 -0.000420024801879 0.0 0.0 0.667680024802
0.0 0.0 -0.000595323945744 0.0 0.0 0.667855323946
0.0 0.0 -0.00080034743859 0.0 0.0 0.668060347438
0.0 0.0 -0.00103477874446 0.0 0.0 0.668294778744
0.0 0.0 -0.00129825688746 0.0 0.0 0.668558256887
0.0 0.0 -0.0015903773881 0.0 0.0 0.668850377388
0.0 0.0 -0.00191069330404 0.0 0.0 0.669170693304
0.0 0.0 -0.0022587163698 0.0 0.0 0.66951871637
0.0 0.0 -0.00263391822954 0.0 0.0 0.669893918229
0.0 0.0 -0.00303573175652 0.0 0.0 0.670295731756
0.0 0.0 -0.00346355245267 0.0 0.0 0.670723552453
0.0 0.0 -0.0039167399213 0.0 0.0 0.671176739921
0.0 0.0 -0.00439461940594 0.0 0.0 0.671654619406
0.0 0.0 -0.0048964833879 0.0 0.0 0.672156483388
0.0 0.0 -0.00542159323529 0.0 0.0 0.672681593235
0.0 0.0 -0.00596918089609 0.0 0.0 0.673229180896
0.0 0.0 -0.00653845062787 0.0 0.0 0.673798450628
0.0 0.0 -0.00712858075681 0.0 0.0 0.674388580757
0.0 0.0 -0.00773872545897 0.0 0.0 0.674998725459
0.0 0.0 -0.00836801655661 0.0 0.0 0.675628016556
0.0 0.0 -0.00901556532295 0.0 0.0 0.676275565323
0.0 0.0 -0.00968046428855 0.0 0.0 0.676940464288
0.0 0.0 -0.0103617890434 0.0 0.0 0.677621789043
0.0 0.0 -0.0110586000281 0.0 0.0 0.678318600028
0.0 0.0 -0.0117699443098 0.0 0.0 0.67902994431
0.0 0.0 -0.0124948573354 0.0 0.0 0.679754857335
0.0 0.0 -0.0132323646598 0.0 0.0 0.68049236466
0.0 0.0 -0.0139814836426 0.0 0.0 0.681241483642
0.0 0.0 -0.0147412251098 0.0 0.0 0.68200122511
0.0 0.0 -0.0155105949775 0.0 0.0 0.682770594977
0.0 0.0 -0.0162885958325 0.0 0.0 0.683548595832
0.0 0.0 -0.0170742284694 0.0 0.0 0.684334228469
0.0 0.0 -0.017866493379 0.0 0.0 0.685126493379
0.0 0.0 -0.0186643921874 0.0 0.0 0.685924392187
0.0 0.0 -0.0194669290445 0.0 0.0 0.686726929044
0.0 0.0 -0.0202731119583 0.0 0.0 0.687533111958
0.0 0.0 -0.0210819540763 0.0 0.0 0.688341954076
0.0 0.0 -0.0218924749118 0.0 0.0 0.689152474912
0.0 0.0 -0.0227037015153 0.0 0.0 0.689963701515
0.0 0.0 -0.0235146695898 0.0 0.0 0.69077466959
0.0 0.0 -0.024324424552 0.0 0.0 0.691584424552
0.0 0.0 -0.0251320225376 0.0 0.0 0.692392022537
0.0 0.0 -0.025936531353 0.0 0.0 0.693196531353
0.0 0.0 -0.026737031373 0.0 0.0 0.693997031373
0.0 0.0 -0.0275326163861 0.0 0.0 0.694792616386
0.0 0.0 -0.0283223943882 0.0 0.0 0.695582394388
0.0 0.0 -0.0291054883265 0.0 0.0 0.696365488326
0.0 0.0 -0.0298810367944 0.0 0.0 0.697141036794
0.0 0.0 -0.0306481946788 0.0 0.0 0.697908194679
0.0 0.0 -0.0314061337628 0.0 0.0 0.698666133763
0.0 0.0 -0.0321540432835 0.0 0.0 0.699414043283
0.0 0.0 -0.0328911304479 0.0 0.0 0.700151130448
0.0 0.0 -0.033616620909 0.0 0.0 0.700876620909
0.0 0.0 -0.0343297592025 0.0 0.0 0.701589759202
0.0 0.0 -0.0350298091477 0.0 0.0 0.702289809148
0.0 0.0 -0.0357160542127 0.0 0.0 0.702976054213
0.0 0.0 -0.0363877978478 0.0 0.0 0.703647797848
0.0 0.0 -0.0370443637869 0.0 0.0 0.704304363787
0.0 0.0 -0.0376850963202 0.0 0.0 0.70494509632
0.0 0.0 -0.0383093605395 0.0 0.0 0.705569360539
0.0 0.0 -0.0389165425574 0.0 0.0 0.706176542557
0.0 0.0 -0.0395060497036 0.0 0.0 0.706766049703
0.0 0.0 -0.0400773106981 0.0 0.0 0.707337310698
0.0 0.0 -0.0406297758047 0.0 0.0 0.707889775805
0.0 0.0 -0.0411629169647 0.0 0.0 0.708422916965
0.0 0.0 -0.0416762279144 0.0 0.0 0.708936227914
0.0 0.0 -0.0421692242859 0.0 0.0 0.709429224286
0.0 0.0 -0.0426414436935 0.0 0.0 0.709901443693
0.0 0.0 -0.0430924458077 0.0 0.0 0.710352445808
0.0 0.0 -0.0435218124168 0.0 0.0 0.710781812417
0.0 0.0 -0.0439291474782 0.0 0.0 0.711189147478
0.0 0.0 -0.0443140771603 0.0 0.0 0.71157407716
0.0 0.0 -0.0446762498765 0.0 0.0 0.711936249876
0.0 0.0 -0.0450153363113 0.0 0.0 0.712275336311
0.0 0.0 -0.0453310294407 0.0 0.0 0.712591029441
0.0 0.0 -0.0456230445473 0.0 0.0 0.712883044547
0.0 0.0 -0.0458911192307 0.0 0.0 0.713151119231
0.0 0.0 -0.0461350134141 0.0 0.0 0.713395013414
0.0 0.0 -0.0463545093481 0.0 0.0 0.713614509348
0.0 0.0 -0.0465494116124 0.0 0.0 0.713809411612
0.0 0.0 -0.0467195471151 0.0 0.0 0.713979547115
