0.0 0.0 0.0 0.0 0.0 0.59312
0.0 0.0 -0.000103600358505 0.0 0.0 0.593223600359
0.0 0.0 -0.000310547525681 0.0 0.0 0.593430547526
0.0 0.0 -0.000620335994217 0.0 0.0 0.593740335994
0.0 0.0 -0.00103221146157 0.0 0.0 0.594152211462
0.0 0.0 -0.00154517551775 0.0 0.0 0.594665175518
0.0 0.0 -0.00215799179358 0.0 0.0 0.595277991794
0.0 0.0 -0.00286919348513 0.0 0.0 0.595989193485
0.0 0.0 -0.0036770921529 0.0 0.0 0.596797092153
0.0 0.0 -0.00457978767985 0.0 0.0 0.59769978768
0.0 0.0 -0.00557517926018 0.0 0.0 0.59869517926
0.0 0.0 -0.00666097728154 0.0 0.0 0.599780977282
0.0 0.0 -0.00783471595757 0.0 0.0 0.600954715958
0.0 0.0 -0.00909376656388 0.0 0.0 0.602213766564
0.0 0.0 -0.0104353511303 0.0 0.0 0.60355535113
0.0 0.0 -0.0118565564447 0.0 0.0 0.604976556445
0.0 0.0 -0.0133543482274 0.0 0.0 0.606474348227
0.0 0.0 -0.0149255853429 0.0 0.0 0.608045585343
0.0 0.0 -0.016567033923 0.0 0.0 0.609687033923
0.0 0.0 -0.0182753812864 0.0 0.0 0.611395381286
0.0 0.0 -0.0200472495488 0.0 0.0 0.613167249549
0.0 0.0 -0.0218792088319 0.0 0.0 0.614999208832
0.0 0.0 -0.0237677899899 0.0 0.0 0.61688778999
0.0 0.0 -0.0257094967839 0.0 0.0 0.618829496784
0.0 0.0 -0.0277008174488 0.0 0.0 0.620820817449
0.0 0.0 -0.0297382356073 0.0 0.0 0.622858235607
0.0 0.0 -0.0318182404971 0.0 0.0 0.624938240497
0.0 0.0 -0.0339373364882 0.0 0.0 0.627057336488
0.0 0.0 -0.0360920518781 0.0 0.0 0.629212051878
0.0 0.0 -0.0382789469577 0.0 0.0 0.631398946958
0.0 0.0 -0.0404946213547 0.0 0.0 0.633614621355
0.0 0.0 -0.0427357206622 0.0 0.0 0.635855720662
0.0 0.0 -0.0449989423704 0.0 0.0 0.63811894237
0.0 0.0 -0.0472810411226 0.0 0.0 0.640401041123
0.0 0.0 -0.0495788333217 0.0 0.0 0.642698833322
0.0 0.0 -0.0518892011167 0.0 0.0 0.645009201117
0.0 0.0 -0.0542090958005 0.0 0.0 0.6473290958
0.0 0.0 -0.0565355406541 0.0 0.0 0.649655540654
0.0 0.0 -0.0588656332723 0.0 0.0 0.651985633272
0.0 0.0 -0.0611965474062 0.0 0.0 0.654316547406
0.0 0.0 -0.0635255343603 0.0 0.0 0.65664553436
0.0 0.0 -0.0658499239793 0.0 0.0 0.658969923979
0.0 0.0 -0.0681671252605 0.0 0.0 0.66128712526
0.0 0.0 -0.0704746266271 0.0 0.0 0.663594626627
0.0 0.0 -0.0727699958952 0.0 0.0 0.665889995895
0.0 0.0 -0.0750508799669 0.0 0.0 0.668170879967
0.0 0.0 -0.0773150042813 0.0 0.0 0.670435004281
0.0 0.0 -0.0795601720504 0.0 0.0 0.67268017205
0.0 0.0 -0.0817842633094 0.0 0.0 0.674904263309
0.0 0.0 -0.0839852338054 0.0 0.0 0.677105233805
0.0 0.0 -0.0861611137495 0.0 0.0 0.67928111375
0.0 0.0 -0.0883100064534 0.0 0.0 0.681430006453
0.0 0.0 -0.0904300868707 0.0 0.0 0.683550086871
0.0 0.0 -0.0925196000628 0.0 0.0 0.685639600063
0.0 0.0 -0.0945768596043 0.0 0.0 0.687696859604
0.0 0.0 -0.0966002459444 0.0 0.0 0.689720245944
0.0 0.0 -0.0985882047383 0.0 0.0 0.691708204738
0.0 0.0 -0.100539245159 0.0 0.0 0.693659245159
0.0 0.0 -0.102451938205 0.0 0.0 0.695571938205
0.0 0.0 -0.104324915006 0.0 0.0 0.697444915006
0.0 0.0 -0.106156865141 0.0 0.0 0.699276865141
0.0 0.0 -0.107946534982 0.0 0.0 0.701066534982
0.0 0.0 -0.109692726048 0.0 0.0 0.702812726048
0.0 0.0 -0.111394293407 0.0 0.0 0.704514293407
0.0 0.0 -0.113050144098 0.0 0.0 0.706170144098
0.0 0.0 -0.114659235602 0.0 0.0 0.707779235602
0.0 0.0 -0.116220574354 0.0 0.0 0.709340574354
0.0 0.0 -0.117733214299 0.0 0.0 0.710853214299
0.0 0.0 -0.119196255496 0.0 0.0 0.712316255496
0.0 0.0 -0.120608842775 0.0 0.0 0.713728842775
0.0 0.0 -0.121970164439 0.0 0.0 0.715090164439
0.0 0.0 -0.123279451025 0.0 0.0 0.716399451025
0.0 0.0 -0.124535974114 0.0 0.0 0.717655974114
0.0 0.0 -0.125739045195 0.0 0.0 0.718859045195
0.0 0.0 -0.126888014584 0.0 0.0 0.720008014584
0.0 0.0 -0.127982270395 0.0 0.0 0.721102270395
0.0 0.0 -0.129021237565 0.0 0.0 0.722141237565
0.0 0.0 -0.130004376936 0.0 0.0 0.723124376935
0.0 0.0 -0.130931184382 0.0 0.0 0.724051184382
0.0 0.0 -0.13180119 0.0 0.0 0.72492119
0.0 0.0 -0.132613957342 0.0 0.0 0.725733957342
0.0 0.0 -0.133369082707 0.0 0.0 0.726489082707
0.0 0.0 -0.134066194481 0.0 0.0 0.727186194481
0.0 0.0 -0.134704952527 0.0 0.0 0.727824952527
0.0 0.0 -0.135285047627 0.0 0.0 0.728405047627
0.0 0.0 -0.135806200973 0.0 0.0 0.728926200973
0.0 0.0 -0.136268163708 0.0 0.0 0.729388163708
0.0 0.0 -0.136670716514 0.0 0.0 0.729790716514
0.0 0.0 -0.137013669249 0.0 0.0 0.730133669249
0.0 0.0 -0.137296860633 0.0 0.0 0.730416860633
0.0 0.0 -0.137520157981 0.0 0.0 0.730640157981
0.0 0.0 -0.137683456982 0.0 0.0 0.730803456981
0.0 0.0 -0.137786681525 0.0 0.0 0.730906681525
0.0 0.0 -0.137829783576 0.0 0.0 0.730949783575
0.0 0.0 -0.137812743094 0.0 0.0 0.730932743094
0.0 0.0 -0.137735568002 0.0 0.0 0.730855568002
0.0 0.0 -0.137598294195 0.0 0.0 0.730718294195
0.0 0.0 -0.137400985605 0.0 0.0 0.730520985605
0.0 0.0 -0.137143734304 0.0 0.0 0.730263734304
0.0 0.0 -0.136826660657 0.0 0.0 0.729946660657
0.0 0.0 -0.136449913523 0.0 0.0 0.729569913523
0.0 0.0 -0.1360136705 0.0 0.0 0.7291336705
0.0 0.0 -0.135518138221 0.0 0.0 0.728638138221
0.0 0.0 -0.134963552696 0.0 0.0 0.728083552696
0.0 0.0 -0.1343501797 0.0 0.0 0.727470179699
0.0 0.0 -0.133678315212 0.0 0.0 0.726798315212
0.0 0.0 -0.132948285907 0.0 0.0 0.726068285906
0.0 0.0 -0.132160449685 0.0 0.0 0.725280449684
0.0 0.0 -0.131315196265 0.0 0.0 0.724435196265
0.0 0.0 -0.13041294782 0.0 0.0 0.72353294782
0.0 0.0 -0.129454159666 0.0 0.0 0.722574159665
0.0 0.0 -0.128439321 0.0 0.0 0.721559320999
0.0 0.0 -0.127368955696 0.0 0.0 0.720488955695
0.0 0.0 -0.126243623148 0.0 0.0 0.719363623148
0.0 0.0 -0.125063919169 0.0 0.0 0.718183919169
0.0 0.0 -0.12383047694 0.0 0.0 0.71695047694
0.0 0.0 -0.122543968017 0.0 0.0 0.715663968017
0.0 0.0 -0.121205103389 0.0 0.0 0.714325103389
0.0 0.0 -0.11981463459 0.0 0.0 0.712934634589
0.0 0.0 -0.118373354864 0.0 0.0 0.711493354864
0.0 0.0 -0.116882100389 0.0 0.0 0.710002100388
0.0 0.0 -0.11534175154 0.0 0.0 0.70846175154
0.0 0.0 -0.113753234223 0.0 0.0 0.706873234223
0.0 0.0 -0.112117521239 0.0 0.0 0.705237521239
0.0 0.0 -0.110435633714 0.0 0.0 0.703555633713
0.0 0.0 -0.108708642563 0.0 0.0 0.701828642562
0.0 0.0 -0.106937670006 0.0 0.0 0.700057670006
0.0 0.0 -0.105123891125 0.0 0.0 0.698243891124
0.0 0.0 -0.103268535451 0.0 0.0 0.69638853545
0.0 0.0 -0.10137288859 0.0 0.0 0.694492888589
0.0 0.0 -0.0994382938789 0.0 0.0 0.692558293878
0.0 0.0 -0.0974661540546 0.0 0.0 0.690586154054
0.0 0.0 -0.0954579329443 0.0 0.0 0.688577932944
0.0 0.0 -0.0934151571599 0.0 0.0 0.686535157159
0.0 0.0 -0.0913394177893 0.0 0.0 0.684459417789
0.0 0.0 -0.0892323720749 0.0 0.0 0.682352372074
0.0 0.0 -0.0870957450669 0.0 0.0 0.680215745066
0.0 0.0 -0.0849313312386 0.0 0.0 0.678051331238
0.0 0.0 -0.0827409960489 0.0 0.0 0.675860996048
0.0 0.0 -0.0805266774355 0.0 0.0 0.673646677435
0.0 0.0 -0.0782903872224 0.0 0.0 0.671410387222
0.0 0.0 -0.0760342124201 0.0 0.0 0.669154212419
0.0 0.0 -0.0737603163989 0.0 0.0 0.666880316398
0.0 0.0 -0.0714709399123 0.0 0.0 0.664590939912
0.0 0.0 -0.0691684019439 0.0 0.0 0.662288401943
0.0 0.0 -0.0668551003536 0.0 0.0 0.659975100353
0.0 0.0 -0.0645335122929 0.0 0.0 0.657653512292
0.0 0.0 -0.0622061943606 0.0 0.0 0.65532619436
0.0 0.0 -0.0598757824663 0.0 0.0 0.652995782466
0.0 0.0 -0.0575449913689 0.0 0.0 0.650664991368
0.0 0.0 -0.0552166138567 0.0 0.0 0.648336613856
0.0 0.0 -0.0528935195324 0.0 0.0 0.646013519532
0.0 0.0 -0.0505786531679 0.0 0.0 0.643698653167
0.0 0.0 -0.0482750325925 0.0 0.0 0.641395032592
0.0 0.0 -0.0459857460782 0.0 0.0 0.639105746078
0.0 0.0 -0.0437139491856 0.0 0.0 0.636833949185
0.0 0.0 -0.0414628610368 0.0 0.0 0.634582861036
0.0 0.0 -0.039235759981 0.0 0.0 0.63235575998
0.0 0.0 -0.0370359786241 0.0 0.0 0.630155978623
0.0 0.0 -0.0348668981922 0.0 0.0 0.627986898192
0.0 0.0 -0.0327319422073 0.0 0.0 0.625851942207
0.0 0.0 -0.0306345694555 0.0 0.0 0.623754569455
0.0 0.0 -0.0285782662351 0.0 0.0 0.621698266234
0.0 0.0 -0.0265665378772 0.0 0.0 0.619686537876
0.0 0.0 -0.0246028995405 0.0 0.0 0.61772289954
0.0 0.0 -0.0226908662891 0.0 0.0 0.615810866288
0.0 0.0 -0.0208339424727 0.0 0.0 0.613953942472
0.0 0.0 -0.0190356104381 0.0 0.0 0.612155610437
0.0 0.0 -0.0172993186116 0.0 0.0 0.610419318611
0.0 0.0 -0.0156284690038 0.0 0.0 0.608748469003
0.0 0.0 -0.014026404201 0.0 0.0 0.6071464042
0.0 0.0 -0.0124963939176 0.0 0.0 0.605616393917
0.0 0.0 -0.0110416211989 0.0 0.0 0.604161621198
0.0 0.0 -0.00966516837224 0.0 0.0 0.602785168371
0.0 0.0 -0.00837000285923 0.0 0.0 0.601490002858
0.0 0.0 -0.00715896296879 0.0 0.0 0.600278962968
0.0 0.0 -0.00603474380272 0.0 0.0 0.599154743802
0.0 0.0 -0.00499988341078 0.0 0.0 0.59811988341
0.0 0.0 -0.00405674933901 0.0 0.0 0.597176749338
0.0 0.0 -0.00320752571759 0.0 0.0 0.596327525717
0.0 0.0 -0.0024542010356 0.0 0.0 0.595574201035
0.0 0.0 -0.00179855674783 0.0 0.0 0.594918556747
0.0 0.0 -0.00124215685373 0.0 0.0 0.594362156853
0.0 0.0 -0.000786338581074 0.0 0.0 0.59390633858
0.0 0.0 -0.000432204295698 0.0 0.0 0.593552204295
0.0 0.0 -0.000180614745529 0.0 0.0 0.593300614745
0.0 0.0 -3.21837307372e-05 0.0 0.0 0.59315218373
0.0 0.0 1.27257262876e-05 0.0 0.0 0.593107274273
0.0 0.0 -4.59963423462e-05 0.0 0.0 0.593165996341
0.0 0.0 -0.000208206158674 0.0 0.0 0.593328206158
0.0 0.0 -0.000473507102633 0.0 0.0 0.593593507102
0.0 0.0 -0.00084125219819 0.0 0.0 0.593961252197
0.0 0.0 -0.00131054814686 0.0 0.0 0.594430548146
0.0 0.0 -0.00188026085233 0.0 0.0 0.595000260851
0.0 0.0 -0.00254902236004 0.0 0.0 0.595669022359
0.0 0.0 -0.00331523911739 0.0 0.0 0.596435239117
0.0 0.0 -0.00417710144471 0.0 0.0 0.597297101444
0.0 0.0 -0.00513259409368 0.0 0.0 0.598252594093
0.0 0.0 -0.00617950775976 0.0 0.0 0.599299507759
0.0 0.0 -0.00731545140743 0.0 0.0 0.600435451407
0.0 0.0 -0.00853786526273 0.0 0.0 0.601657865262
0.0 0.0 -0.00984403432585 0.0 0.0 0.602964034325
0.0 0.0 -0.0112311022574 0.0 0.0 0.604351102257
0.0 0.0 -0.012696085496 0.0 0.0 0.605816085495
0.0 0.0 -0.0142358874693 0.0 0.0 0.607355887468
0.0 0.0 -0.0158473127709 0.0 0.0 0.60896731277
0.0 0.0 -0.0175270811811 0.0 0.0 0.61064708118
0.0 0.0 -0.0192718414236 0.0 0.0 0.612391841423
0.0 0.0 -0.0210781845589 0.0 0.0 0.614198184558
0.0 0.0 -0.0229426569289 0.0 0.0 0.616062656928
0.0 0.0 -0.0248617725783 0.0 0.0 0.617981772577
0.0 0.0 -0.026832025091 0.0 0.0 0.61995202509
0.0 0.0 -0.0288498987919 0.0 0.0 0.621969898791
0.0 0.0 -0.0309118792747 0.0 0.0 0.624031879274
0.0 0.0 -0.0330144632297 0.0 0.0 0.626134463229
0.0 0.0 -0.0351541675523 0.0 0.0 0.628274167551
0.0 0.0 -0.0373275377254 0.0 0.0 0.630447537724
0.0 0.0 -0.0395311554751 0.0 0.0 0.632651155474
0.0 0.0 -0.0417616457067 0.0 0.0 0.634881645706
0.0 0.0 -0.0440156827369 0.0 0.0 0.637135682736
0.0 0.0 -0.0462899958389 0.0 0.0 0.639409995838
0.0 0.0 -0.0485813741275 0.0 0.0 0.641701374126
0.0 0.0 -0.0508866708099 0.0 0.0 0.644006670809
0.0 0.0 -0.0532028068351 0.0 0.0 0.646322806834
0.0 0.0 -0.0555267739735 0.0 0.0 0.648646773972
0.0 0.0 -0.0578556373627 0.0 0.0 0.650975637362
0.0 0.0 -0.060186537555 0.0 0.0 0.653306537554
0.0 0.0 -0.0625166921034 0.0 0.0 0.655636692102
0.0 0.0 -0.0648433967211 0.0 0.0 0.65796339672
0.0 0.0 -0.0671640260527 0.0 0.0 0.660284026052
0.0 0.0 -0.0694760340895 0.0 0.0 0.662596034088
0.0 0.0 -0.0717769542653 0.0 0.0 0.664896954264
0.0 0.0 -0.074064399265 0.0 0.0 0.667184399264
0.0 0.0 -0.0763360605758 0.0 0.0 0.669456060575
0.0 0.0 -0.0785897078136 0.0 0.0 0.671709707813
0.0 0.0 -0.0808231878504 0.0 0.0 0.673943187849
0.0 0.0 -0.0830344237697 0.0 0.0 0.676154423769
0.0 0.0 -0.0852214136753 0.0 0.0 0.678341413674
0.0 0.0 -0.087382229375 0.0 0.0 0.680502229374
0.0 0.0 -0.0895150149612 0.0 0.0 0.68263501496
0.0 0.0 -0.0916179853073 0.0 0.0 0.684737985306
0.0 0.0 -0.0936894244968 0.0 0.0 0.686809424496
0.0 0.0 -0.0957276842029 0.0 0.0 0.688847684202
0.0 0.0 -0.0977311820303 0.0 0.0 0.690851182029
0.0 0.0 -0.0996983998351 0.0 0.0 0.692818399834
0.0 0.0 -0.101627882032 0.0 0.0 0.694747882031
0.0 0.0 -0.1035182339 0.0 0.0 0.696638233899
0.0 0.0 -0.105368119896 0.0 0.0 0.698488119894
0.0 0.0 -0.107176261982 0.0 0.0 0.700296261981
0.0 0.0 -0.108941437981 0.0 0.0 0.702061437979
0.0 0.0 -0.110662479948 0.0 0.0 0.703782479947
0.0 0.0 -0.112338272593 0.0 0.0 0.705458272592
0.0 0.0 -0.113967751724 0.0 0.0 0.707087751723
0.0 0.0 -0.115549902741 0.0 0.0 0.70866990274
0.0 0.0 -0.117083759176 0.0 0.0 0.710203759175
0.0 0.0 -0.118568401272 0.0 0.0 0.711688401271
0.0 0.0 -0.12000295462 0.0 0.0 0.713122954619
0.0 0.0 -0.12138658884 0.0 0.0 0.714506588839
0.0 0.0 -0.122718516316 0.0 0.0 0.715838516315
0.0 0.0 -0.123997990985 0.0 0.0 0.717117990984
0.0 0.0 -0.125224307179 0.0 0.0 0.718344307178
0.0 0.0 -0.126396798518 0.0 0.0 0.719516798517
0.0 0.0 -0.127514836858 0.0 0.0 0.720634836857
0.0 0.0 -0.128577831297 0.0 0.0 0.721697831296
0.0 0.0 -0.129585227226 0.0 0.0 0.722705227225
0.0 0.0 -0.130536505442 0.0 0.0 0.72365650544
0.0 0.0 -0.131431181308 0.0 0.0 0.724551181307
0.0 0.0 -0.132268803969 0.0 0.0 0.725388803967
0.0 0.0 -0.133048955617 0.0 0.0 0.726168955616
0.0 0.0 -0.133771250812 0.0 0.0 0.72689125081
0.0 0.0 -0.134435335846 0.0 0.0 0.727555335845
0.0 0.0 -0.13504088817 0.0 0.0 0.728160888169
0.0 0.0 -0.135587615857 0.0 0.0 0.728707615856
0.0 0.0 -0.136075257124 0.0 0.0 0.729195257122
0.0 0.0 -0.136503579899 0.0 0.0 0.729623579898
0.0 0.0 -0.136872381439 0.0 0.0 0.729992381438
0.0 0.0 -0.137181487992 0.0 0.0 0.730301487991
0.0 0.0 -0.137430754512 0.0 0.0 0.730550754511
0.0 0.0 -0.137620064416 0.0 0.0 0.730740064415
0.0 0.0 -0.137749329391 0.0 0.0 0.730869329389
0.0 0.0 -0.137818489248 0.0 0.0 0.730938489247
0.0 0.0 -0.137827511823 0.0 0.0 0.730947511822
0.0 0.0 -0.137776392922 0.0 0.0 0.73089639292
0.0 0.0 -0.137665156313 0.0 0.0 0.730785156312
0.0 0.0 -0.13749385377 0.0 0.0 0.730613853768
0.0 0.0 -0.137262565152 0.0 0.0 0.730382565151
0.0 0.0 -0.136971398543 0.0 0.0 0.730091398542
0.0 0.0 -0.136620490427 0.0 0.0 0.729740490426
0.0 0.0 -0.136210005915 0.0 0.0 0.729330005913
0.0 0.0 -0.135740139018 0.0 0.0 0.728860139017
0.0 0.0 -0.135211112971 0.0 0.0 0.72833111297
0.0 0.0 -0.134623180599 0.0 0.0 0.727743180598
0.0 0.0 -0.133976624736 0.0 0.0 0.727096624735
0.0 0.0 -0.133271758692 0.0 0.0 0.726391758691
0.0 0.0 -0.132508926766 0.0 0.0 0.725628926765
0.0 0.0 -0.131688504815 0.0 0.0 0.724808504813
0.0 0.0 -0.130810900864 0.0 0.0 0.723930900863
0.0 0.0 -0.129876555781 0.0 0.0 0.722996555779
0.0 0.0 -0.128885943985 0.0 0.0 0.722005943983
0.0 0.0 -0.127839574223 0.0 0.0 0.720959574222
0.0 0.0 -0.126737990391 0.0 0.0 0.719857990389
0.0 0.0 -0.125581772404 0.0 0.0 0.718701772403
0.0 0.0 -0.124371537131 0.0 0.0 0.717491537129
0.0 0.0 -0.123107939371 0.0 0.0 0.716227939369
0.0 0.0 -0.121791672892 0.0 0.0 0.71491167289
0.0 0.0 -0.120423471517 0.0 0.0 0.713543471515
0.0 0.0 -0.11900411027 0.0 0.0 0.712124110269
0.0 0.0 -0.117534406571 0.0 0.0 0.710654406569
0.0 0.0 -0.116015221481 0.0 0.0 0.70913522148
0.0 0.0 -0.114447461012 0.0 0.0 0.707567461011
0.0 0.0 -0.11283207747 0.0 0.0 0.705952077469
0.0 0.0 -0.111170070863 0.0 0.0 0.704290070861
0.0 0.0 -0.109462490345 0.0 0.0 0.702582490343
0.0 0.0 -0.107710435717 0.0 0.0 0.700830435715
0.0 0.0 -0.105915058959 0.0 0.0 0.699035058958
0.0 0.0 -0.10407756581 0.0 0.0 0.697197565808
0.0 0.0 -0.102199217374 0.0 0.0 0.695319217372
0.0 0.0 -0.100281331767 0.0 0.0 0.693401331765
0.0 0.0 -0.0983252857781 0.0 0.0 0.691445285776
0.0 0.0 -0.0963325165537 0.0 0.0 0.689452516552
0.0 0.0 -0.0943045232903 0.0 0.0 0.687424523289
0.0 0.0 -0.0922428689284 0.0 0.0 0.685362868927
0.0 0.0 -0.090149181838 0.0 0.0 0.683269181836
0.0 0.0 -0.0880251574844 0.0 0.0 0.681145157483
0.0 0.0 -0.0858725600615 0.0 0.0 0.67899256006
0.0 0.0 -0.0836932240793 0.0 0.0 0.676813224077
0.0 0.0 -0.0814890558889 0.0 0.0 0.674609055887
0.0 0.0 -0.0792620351298 0.0 0.0 0.672382035128
0.0 0.0 -0.0770142160788 0.0 0.0 0.670134216077
0.0 0.0 -0.0747477288814 0.0 0.0 0.66786772888
0.0 0.0 -0.0724647806424 0.0 0.0 0.665584780641
0.0 0.0 -0.0701676563533 0.0 0.0 0.663287656351
0.0 0.0 -0.0678587196281 0.0 0.0 0.660978719626
0.0 0.0 -0.0655404132228 0.0 0.0 0.658660413221
0.0 0.0 -0.0632152593072 0.0 0.0 0.656335259305
0.0 0.0 -0.0608858594587 0.0 0.0 0.654005859457
0.0 0.0 -0.0585548943463 0.0 0.0 0.651674894344
0.0 0.0 -0.0562251230699 0.0 0.0 0.649345123068
0.0 0.0 -0.0538993821211 0.0 0.0 0.647019382119
0.0 0.0 -0.0515805839286 0.0 0.0 0.644700583927
0.0 0.0 -0.0492717149538 0.0 0.0 0.642391714952
0.0 0.0 -0.0469758332973 0.0 0.0 0.640095833295
0.0 0.0 -0.0446960657839 0.0 0.0 0.637816065782
0.0 0.0 -0.0424356044875 0.0 0.0 0.635555604486
0.0 0.0 -0.0401977026639 0.0 0.0 0.633317702662
0.0 0.0 -0.0379856700597 0.0 0.0 0.631105670058
0.0 0.0 -0.0358028675673 0.0 0.0 0.628922867565
0.0 0.0 -0.0336527012014 0.0 0.0 0.626772701199
0.0 0.0 -0.0315386153761 0.0 0.0 0.624658615374
0.0 0.0 -0.0294640854657 0.0 0.0 0.622584085464
0.0 0.0 -0.0274326096415 0.0 0.0 0.620552609639
0.0 0.0 -0.0254476999797 0.0 0.0 0.618567699978
0.0 0.0 -0.0235128728489 0.0 0.0 0.616632872847
0.0 0.0 -0.0216316385895 0.0 0.0 0.614751638587
0.0 0.0 -0.0198074905105 0.0 0.0 0.612927490508
0.0 0.0 -0.018043893239 0.0 0.0 0.611163893237
0.0 0.0 -0.0163442704682 0.0 0.0 0.609464270466
0.0 0.0 -0.0147119921627 0.0 0.0 0.607831992161
0.0 0.0 -0.0131503612912 0.0 0.0 0.606270361289
0.0 0.0 -0.011662600169 0.0 0.0 0.604782600167
0.0 0.0 -0.0102518365055 0.0 0.0 0.603371836503
0.0 0.0 -0.0089210892621 0.0 0.0 0.60204108926
0.0 0.0 -0.00767325443798 0.0 0.0 0.600793254436
0.0 0.0 -0.00651109091063 0.0 0.0 0.599631090908
0.0 0.0 -0.0054372064653 0.0 0.0 0.598557206463
0.0 0.0 -0.00445404415513 0.0 0.0 0.597574044153
0.0 0.0 -0.00356386913707 0.0 0.0 0.596683869135
0.0 0.0 -0.00276875613099 0.0 0.0 0.595888756129
0.0 0.0 -0.00207057764832 0.0 0.0 0.595190577646
0.0 0.0 -0.00147099313302 0.0 0.0 0.594590993131
0.0 0.0 -0.000971439150819 0.0 0.0 0.594091439149
0.0 0.0 -0.000573120753558 0.0 0.0 0.593693120751
0.0 0.0 -0.00027700413273 0.0 0.0 0.593397004131
0.0 0.0 -8.38106614514e-05 0.0 0.0 0.593203810659
0.0 0.0 5.98759327424e-06 0.0 0.0 0.593114012404
0.0 0.0 -7.8291743826e-06 0.0 0.0 0.593127829172
0.0 0.0 -0.000125227128199 0.0 0.0 0.593245227126
0.0 0.0 -0.000345919002674 0.0 0.0 0.593465919
0.0 0.0 -0.000669365906447 0.0 0.0 0.593789365904
0.0 0.0 -0.00109478069095 0.0 0.0 0.594214780689
0.0 0.0 -0.0016211328371 0.0 0.0 0.594741132835
0.0 0.0 -0.00224715479227 0.0 0.0 0.59536715479
0.0 0.0 -0.00297134967086 0.0 0.0 0.596091349669
0.0 0.0 -0.00379200021497 0.0 0.0 0.596912000213
0.0 0.0 -0.0047071788975 0.0 0.0 0.597827178895
0.0 0.0 -0.00571475903805 0.0 0.0 0.598834759036
0.0 0.0 -0.00681242679364 0.0 0.0 0.599932426791
0.0 0.0 -0.00799769388011 0.0 0.0 0.601117693878
0.0 0.0 -0.00926791087747 0.0 0.0 0.602387910875
0.0 0.0 -0.010620280972 0.0 0.0 0.60374028097
0.0 0.0 -0.0120518739907 0.0 0.0 0.605171873988
0.0 0.0 -0.0135596405883 0.0 0.0 0.606679640586
0.0 0.0 -0.0151404264544 0.0 0.0 0.608260426452
0.0 0.0 -0.0167909864157 0.0 0.0 0.609910986413
0.0 0.0 -0.0185079983199 0.0 0.0 0.611627998317
0.0 0.0 -0.020288076598 0.0 0.0 0.613408076596
0.0 0.0 -0.0221277854131 0.0 0.0 0.615247785411
0.0 0.0 -0.0240236513168 0.0 0.0 0.617143651314
0.0 0.0 -0.0259721753462 0.0 0.0 0.619092175344
0.0 0.0 -0.0279698445055 0.0 0.0 0.621089844503
0.0 0.0 -0.0300131425903 0.0 0.0 0.623133142588
0.0 0.0 -0.0320985603215 0.0 0.0 0.625218560319
0.0 0.0 -0.0342226047669 0.0 0.0 0.627342604764
0.0 0.0 -0.0363818080387 0.0 0.0 0.629501808036
0.0 0.0 -0.0385727352637 0.0 0.0 0.631692735261
0.0 0.0 -0.0407919918296 0.0 0.0 0.633911991827
0.0 0.0 -0.0430362299205 0.0 0.0 0.636156229918
0.0 0.0 -0.0453021543565 0.0 0.0 0.638422154354
0.0 0.0 -0.0475865277621 0.0 0.0 0.64070652776
0.0 0.0 -0.0498861750878 0.0 0.0 0.643006175085
0.0 0.0 -0.0521979875164 0.0 0.0 0.645317987514
0.0 0.0 -0.0545189257852 0.0 0.0 0.647638925783
0.0 0.0 -0.0568460229587 0.0 0.0 0.649966022956
0.0 0.0 -0.059176386688 0.0 0.0 0.652296386685
0.0 0.0 -0.0615072009915 0.0 0.0 0.654627200989
0.0 0.0 -0.0638357275958 0.0 0.0 0.656955727593
0.0 0.0 -0.0661593068698 0.0 0.0 0.659279306867
0.0 0.0 -0.0684753583906 0.0 0.0 0.661595358388
0.0 0.0 -0.0707813811738 0.0 0.0 0.663901381171
0.0 0.0 -0.0730749536017 0.0 0.0 0.666194953599
0.0 0.0 -0.0753537330834 0.0 0.0 0.668473733081
0.0 0.0 -0.0776154554743 0.0 0.0 0.670735455472
0.0 0.0 -0.0798579342867 0.0 0.0 0.672977934284
0.0 0.0 -0.0820790597164 0.0 0.0 0.675199059714
0.0 0.0 -0.0842767975124 0.0 0.0 0.67739679751
0.0 0.0 -0.0864491877122 0.0 0.0 0.67956918771
0.0 0.0 -0.0885943432641 0.0 0.0 0.681714343261
0.0 0.0 -0.0907104485583 0.0 0.0 0.683830448556
0.0 0.0 -0.092795757883 0.0 0.0 0.68591575788
0.0 0.0 -0.0948485938234 0.0 0.0 0.687968593821
0.0 0.0 -0.0968673456186 0.0 0.0 0.689987345616
0.0 0.0 -0.098850467489 0.0 0.0 0.691970467486
0.0 0.0 -0.100796476948 0.0 0.0 0.693916476945
0.0 0.0 -0.102703953108 0.0 0.0 0.695823953105
0.0 0.0 -0.104571534986 0.0 0.0 0.697691534983
0.0 0.0 -0.10639791983 0.0 0.0 0.699517919827
0.0 0.0 -0.108181861456 0.0 0.0 0.701301861453
0.0 0.0 -0.109922168616 0.0 0.0 0.703042168613
0.0 0.0 -0.111617703393 0.0 0.0 0.704737703391
0.0 0.0 -0.113267379641 0.0 0.0 0.706387379638
0.0 0.0 -0.114870161451 0.0 0.0 0.707990161448
0.0 0.0 -0.116425061675 0.0 0.0 0.709545061672
0.0 0.0 -0.117931140484 0.0 0.0 0.711051140481
0.0 0.0 -0.119387503983 0.0 0.0 0.71250750398
0.0 0.0 -0.12079330287 0.0 0.0 0.713913302867
0.0 0.0 -0.12214773115 0.0 0.0 0.715267731147
0.0 0.0 -0.123450024898 0.0 0.0 0.716570024895
0.0 0.0 -0.124699461081 0.0 0.0 0.717819461078
0.0 0.0 -0.125895356425 0.0 0.0 0.719015356422
0.0 0.0 -0.127037066343 0.0 0.0 0.72015706634
0.0 0.0 -0.128123983914 0.0 0.0 0.721243983911
0.0 0.0 -0.129155538912 0.0 0.0 0.722275538909
0.0 0.0 -0.130131196899 0.0 0.0 0.723251196896
0.0 0.0 -0.131050458358 0.0 0.0 0.724170458355
0.0 0.0 -0.131912857888 0.0 0.0 0.725032857885
0.0 0.0 -0.132717963446 0.0 0.0 0.725837963443
0.0 0.0 -0.133465375648 0.0 0.0 0.726585375645
0.0 0.0 -0.134154727107 0.0 0.0 0.727274727104
0.0 0.0 -0.134785681841 0.0 0.0 0.727905681838
0.0 0.0 -0.135357934715 0.0 0.0 0.728477934712
0.0 0.0 -0.135871210938 0.0 0.0 0.728991210935
0.0 0.0 -0.136325265614 0.0 0.0 0.729445265611
0.0 0.0 -0.136719883335 0.0 0.0 0.729839883332
0.0 0.0 -0.137054877823 0.0 0.0 0.730174877819
0.0 0.0 -0.137330091624 0.0 0.0 0.730450091621
0.0 0.0 -0.137545395849 0.0 0.0 0.730665395846
0.0 0.0 -0.137700689954 0.0 0.0 0.730820689951
0.0 0.0 -0.137795901578 0.0 0.0 0.730915901575
0.0 0.0 -0.137830986423 0.0 0.0 0.730950986419
0.0 0.0 -0.137805928175 0.0 0.0 0.730925928172
0.0 0.0 -0.137720738486 0.0 0.0 0.730840738483
0.0 0.0 -0.137575456983 0.0 0.0 0.73069545698
0.0 0.0 -0.137370151344 0.0 0.0 0.73049015134
0.0 0.0 -0.1371049174 0.0 0.0 0.730224917397
0.0 0.0 -0.136779879305 0.0 0.0 0.729899879302
0.0 0.0 -0.136395189732 0.0 0.0 0.729515189729
0.0 0.0 -0.135951030133 0.0 0.0 0.729071030129
0.0 0.0 -0.135447611036 0.0 0.0 0.728567611032
0.0 0.0 -0.134885172395 0.0 0.0 0.728005172391
0.0 0.0 -0.134263983986 0.0 0.0 0.727383983982
0.0 0.0 -0.133584345851 0.0 0.0 0.726704345847
0.0 0.0 -0.132846588794 0.0 0.0 0.72596658879
0.0 0.0 -0.132051074924 0.0 0.0 0.72517107492
0.0 0.0 -0.131198198247 0.0 0.0 0.724318198244
0.0 0.0 -0.130288385314 0.0 0.0 0.723408385311
0.0 0.0 -0.129322095914 0.0 0.0 0.722442095911
0.0 0.0 -0.12829982382 0.0 0.0 0.721419823817
0.0 0.0 -0.127222097592 0.0 0.0 0.720342097588
0.0 0.0 -0.126089481425 0.0 0.0 0.719209481421
0.0 0.0 -0.124902576057 0.0 0.0 0.718022576053
0.0 0.0 -0.123662019726 0.0 0.0 0.716782019723
0.0 0.0 -0.122368489184 0.0 0.0 0.71548848918
0.0 0.0 -0.121022700758 0.0 0.0 0.714142700754
0.0 0.0 -0.119625411474 0.0 0.0 0.712745411471
0.0 0.0 -0.118177420231 0.0 0.0 0.711297420227
0.0 0.0 -0.11667956902 0.0 0.0 0.709799569016
0.0 0.0 -0.115132744212 0.0 0.0 0.708252744208
0.0 0.0 -0.113537877881 0.0 0.0 0.706657877878
0.0 0.0 -0.11189594919 0.0 0.0 0.705015949186
0.0 0.0 -0.110207985814 0.0 0.0 0.703327985811
0.0 0.0 -0.108475065422 0.0 0.0 0.701595065418
0.0 0.0 -0.106698317189 0.0 0.0 0.699818317185
0.0 0.0 -0.104878923362 0.0 0.0 0.697998923358
0.0 0.0 -0.103018120854 0.0 0.0 0.696138120851
0.0 0.0 -0.101117202873 0.0 0.0 0.694237202869
0.0 0.0 -0.099177520575 0.0 0.0 0.692297520571
0.0 0.0 -0.0972004847442 0.0 0.0 0.690320484741
0.0 0.0 -0.0951875674799 0.0 0.0 0.688307567476
0.0 0.0 -0.0931403038918 0.0 0.0 0.686260303888
0.0 0.0 -0.0910602937906 0.0 0.0 0.684180293787
0.0 0.0 -0.0889492033635 0.0 0.0 0.68206920336
0.0 0.0 -0.0868087668233 0.0 0.0 0.67992876682
0.0 0.0 -0.0846407880177 0.0 0.0 0.677760788014
0.0 0.0 -0.0824471419832 0.0 0.0 0.675567141979
0.0 0.0 -0.0802297764285 0.0 0.0 0.673349776425
0.0 0.0 -0.0779907131282 0.0 0.0 0.671110713124
0.0 0.0 -0.0757320492077 0.0 0.0 0.668852049204
0.0 0.0 -0.0734559582983 0.0 0.0 0.666575958294
0.0 0.0 -0.0711646915373 0.0 0.0 0.664284691533
0.0 0.0 -0.068860578391 0.0 0.0 0.661980578387
0.0 0.0 -0.0665460272713 0.0 0.0 0.659666027268
0.0 0.0 -0.0642235259182 0.0 0.0 0.657343525914
0.0 0.0 -0.061895641518 0.0 0.0 0.655015641514
0.0 0.0 -0.0595650205263 0.0 0.0 0.652685020522
0.0 0.0 -0.0572343881597 0.0 0.0 0.650354388156
0.0 0.0 -0.0549065475262 0.0 0.0 0.648026547522
0.0 0.0 -0.0525843783542 0.0 0.0 0.64570437835
0.0 0.0 -0.0502708352877 0.0 0.0 0.643390835284
0.0 0.0 -0.0479689457095 0.0 0.0 0.641088945706
0.0 0.0 -0.0456818070562 0.0 0.0 0.638801807052
0.0 0.0 -0.0434125835903 0.0 0.0 0.636532583586
0.0 0.0 -0.0411645025935 0.0 0.0 0.63428450259
0.0 0.0 -0.0389408499498 0.0 0.0 0.632060849946
0.0 0.0 -0.0367449650868 0.0 0.0 0.629864965083
0.0 0.0 -0.03458023525 0.0 0.0 0.627700235246
0.0 0.0 -0.0324500890843 0.0 0.0 0.62557008908
0.0 0.0 -0.0303579895073 0.0 0.0 0.623477989503
0.0 0.0 -0.0283074258603 0.0 0.0 0.621427425856
0.0 0.0 -0.0263019053322 0.0 0.0 0.619421905328
0.0 0.0 -0.0243449436575 0.0 0.0 0.617464943654
0.0 0.0 -0.0224400551006 0.0 0.0 0.615560055097
0.0 0.0 -0.0205907417442 0.0 0.0 0.61371074174
0.0 0.0 -0.0188004821148 0.0 0.0 0.611920482111
0.0 0.0 -0.0170727191846 0.0 0.0 0.61019271918
0.0 0.0 -0.015410847804 0.0 0.0 0.6085308478
0.0 0.0 -0.0138182016301 0.0 0.0 0.606938201626
0.0 0.0 -0.0122980396269 0.0 0.0 0.605418039623
0.0 0.0 -0.0108535322285 0.0 0.0 0.603973532224
0.0 0.0 -0.00948774726527 0.0 0.0 0.602607747261
0.0 0.0 -0.00820363576599 0.0 0.0 0.601323635762
0.0 0.0 -0.00700401775857 0.0 0.0 0.600124017754
0.0 0.0 -0.00589156820051 0.0 0.0 0.599011568196
0.0 0.0 -0.00486880317813 0.0 0.0 0.597988803174
0.0 0.0 -0.00393806651826 0.0 0.0 0.597058066514
0.0 0.0 -0.00310151695923 0.0 0.0 0.596221516955
0.0 0.0 -0.00236111602823 0.0 0.0 0.595481116024
0.0 0.0 -0.00171861676973 0.0 0.0 0.594838616766
0.0 0.0 -0.00117555346434 0.0 0.0 0.59429555346
0.0 0.0 -0.00073323246905 0.0 0.0 0.593853232465
0.0 0.0 -0.000392724299045 0.0 0.0 0.593512724295
0.0 0.0 -0.000154857056856 0.0 0.0 0.593274857053
0.0 0.0 -2.0211298644e-05 0.0 0.0 0.593140211294
0.0 0.0 1.08835913798e-05 0.0 0.0 0.593109116404
0.0 0.0 -6.16485322998e-05 0.0 0.0 0.593181648528
0.0 0.0 -0.000237630097723 0.0 0.0 0.593357630093
0.0 0.0 -0.000516630931392 0.0 0.0 0.593636630927
0.0 0.0 -0.000897970953179 0.0 0.0 0.594017970949
0.0 0.0 -0.00138072441233 0.0 0.0 0.594500724408
0.0 0.0 -0.00196372560555 0.0 0.0 0.595083725601
0.0 0.0 -0.0026455759984 0.0 0.0 0.595765575994
0.0 0.0 -0.00342465265369 0.0 0.0 0.596544652649
0.0 0.0 -0.00429911785466 0.0 0.0 0.59741911785
0.0 0.0 -0.00526692979861 0.0 0.0 0.598386929794
0.0 0.0 -0.00632585422589 0.0 0.0 0.599445854221
0.0 0.0 -0.00747347684257 0.0 0.0 0.600593476838
0.0 0.0 -0.0087072163909 0.0 0.0 0.601827216386
0.0 0.0 -0.01002433822 0.0 0.0 0.603144338216
0.0 0.0 -0.0114219682114 0.0 0.0 0.604541968207
0.0 0.0 -0.0128971069161 0.0 0.0 0.606017106912
0.0 0.0 -0.0144466437694 0.0 0.0 0.607566643765
0.0 0.0 -0.0160673712529 0.0 0.0 0.609187371248
0.0 0.0 -0.0177559988864 0.0 0.0 0.610875998882
0.0 0.0 -0.0195091669415 0.0 0.0 0.612629166937
0.0 0.0 -0.0213234597802 0.0 0.0 0.614443459776
0.0 0.0 -0.0231954187333 0.0 0.0 0.616315418729
0.0 0.0 -0.0251215544475 0.0 0.0 0.618241554443
0.0 0.0 -0.0270983586396 0.0 0.0 0.620218358635
0.0 0.0 -0.0291223152104 0.0 0.0 0.622242315206
0.0 0.0 -0.0311899106808 0.0 0.0 0.624309910676
0.0 0.0 -0.0332976439242 0.0 0.0 0.62641764392
0.0 0.0 -0.0354420351788 0.0 0.0 0.628562035174
0.0 0.0 -0.0376196343327 0.0 0.0 0.630739634328
0.0 0.0 -0.0398270284831 0.0 0.0 0.632947028478
0.0 0.0 -0.0420608487778 0.0 0.0 0.635180848773
0.0 0.0 -0.044317776554 0.0 0.0 0.637437776549
0.0 0.0 -0.0465945487946 0.0 0.0 0.63971454879
0.0 0.0 -0.0488879629266 0.0 0.0 0.642007962922
0.0 0.0 -0.05119488099 0.0 0.0 0.644314880985
0.0 0.0 -0.0535122332093 0.0 0.0 0.646632233205
0.0 0.0 -0.0558370209997 0.0 0.0 0.648957020995
0.0 0.0 -0.0581663194448 0.0 0.0 0.65128631944
0.0 0.0 -0.0604972792801 0.0 0.0 0.653617279275
0.0 0.0 -0.0628271284201 0.0 0.0 0.655947128415
0.0 0.0 -0.0651531730644 0.0 0.0 0.65827317306
0.0 0.0 -0.0674727984184 0.0 0.0 0.660592798414
0.0 0.0 -0.0697834690655 0.0 0.0 0.662903469061
0.0 0.0 -0.0720827290215 0.0 0.0 0.665202729017
0.0 0.0 -0.0743682015077 0.0 0.0 0.667488201503
0.0 0.0 -0.0766375884706 0.0 0.0 0.669757588466
0.0 0.0 -0.0788886698795 0.0 0.0 0.672008669875
0.0 0.0 -0.0811193028303 0.0 0.0 0.674239302825
0.0 0.0 -0.0833274204793 0.0 0.0 0.676447420474
0.0 0.0 -0.0855110308345 0.0 0.0 0.67863103083
0.0 0.0 -0.0876682154242 0.0 0.0 0.680788215419
0.0 0.0 -0.0897971278653 0.0 0.0 0.68291712786
0.0 0.0 -0.0918959923497 0.0 0.0 0.685015992345
0.0 0.0 -0.0939631020661 0.0 0.0 0.687083102061
0.0 0.0 -0.0959968175735 0.0 0.0 0.689116817569
0.0 0.0 -0.0979955651397 0.0 0.0 0.691115565135
0.0 0.0 -0.0999578350586 0.0 0.0 0.693077835054
0.0 0.0 -0.101882179956 0.0 0.0 0.695002179952
0.0 0.0 -0.103767213099 0.0 0.0 0.696887213094
0.0 0.0 -0.105611606704 0.0 0.0 0.698731606699
0.0 0.0 -0.107414090278 0.0 0.0 0.700534090273
0.0 0.0 -0.109173448963 0.0 0.0 0.702293448959
0.0 0.0 -0.110888521929 0.0 0.0 0.704008521924
0.0 0.0 -0.112558200782 0.0 0.0 0.705678200778
0.0 0.0 -0.11418142803 0.0 0.0 0.707301428025
0.0 0.0 -0.115757195573 0.0 0.0 0.708877195568
0.0 0.0 -0.117284543251 0.0 0.0 0.710404543246
0.0 0.0 -0.118762557429 0.0 0.0 0.711882557424
0.0 0.0 -0.120190369644 0.0 0.0 0.713310369639
0.0 0.0 -0.121567155288 0.0 0.0 0.714687155283
0.0 0.0 -0.122892132353 0.0 0.0 0.716012132349
0.0 0.0 -0.124164560229 0.0 0.0 0.717284560225
0.0 0.0 -0.125383738547 0.0 0.0 0.718503738542
0.0 0.0 -0.126549006083 0.0 0.0 0.719669006078
0.0 0.0 -0.127659739716 0.0 0.0 0.720779739711
0.0 0.0 -0.128715353434 0.0 0.0 0.721835353429
0.0 0.0 -0.1297152974 0.0 0.0 0.722835297395
0.0 0.0 -0.130659057065 0.0 0.0 0.72377905706
0.0 0.0 -0.131546152341 0.0 0.0 0.724666152336
0.0 0.0 -0.132376136819 0.0 0.0 0.725496136814
0.0 0.0 -0.133148597044 0.0 0.0 0.726268597039
0.0 0.0 -0.133863151842 0.0 0.0 0.726983151837
0.0 0.0 -0.134519451693 0.0 0.0 0.727639451688
0.0 0.0 -0.135117178157 0.0 0.0 0.728237178152
0.0 0.0 -0.135656043353 0.0 0.0 0.728776043348
0.0 0.0 -0.136135789484 0.0 0.0 0.729255789479
0.0 0.0 -0.136556188409 0.0 0.0 0.729676188404
0.0 0.0 -0.136917041267 0.0 0.0 0.730037041262
0.0 0.0 -0.137218178149 0.0 0.0 0.730338178144
0.0 0.0 -0.137459457816 0.0 0.0 0.730579457811
0.0 0.0 -0.137640767464 0.0 0.0 0.730760767459
0.0 0.0 -0.137762022538 0.0 0.0 0.730882022533
0.0 0.0 -0.137823166588 0.0 0.0 0.730943166584
0.0 0.0 -0.137824171183 0.0 0.0 0.730944171178
0.0 0.0 -0.137765035853 0.0 0.0 0.730885035848
0.0 0.0 -0.137645788099 0.0 0.0 0.730765788094
0.0 0.0 -0.137466483431 0.0 0.0 0.730586483426
0.0 0.0 -0.137227205465 0.0 0.0 0.73034720546
0.0 0.0 -0.136928066057 0.0 0.0 0.730048066052
0.0 0.0 -0.136569205494 0.0 0.0 0.729689205489
0.0 0.0 -0.136150792722 0.0 0.0 0.729270792717
0.0 0.0 -0.135673025631 0.0 0.0 0.728793025626
0.0 0.0 -0.135136131375 0.0 0.0 0.72825613137
0.0 0.0 -0.134540366757 0.0 0.0 0.727660366752
0.0 0.0 -0.133886018645 0.0 0.0 0.72700601864
0.0 0.0 -0.133173404449 0.0 0.0 0.726293404444
0.0 0.0 -0.132402872641 0.0 0.0 0.725522872636
0.0 0.0 -0.131574803331 0.0 0.0 0.724694803326
0.0 0.0 -0.130689608882 0.0 0.0 0.723809608877
0.0 0.0 -0.129747734591 0.0 0.0 0.722867734586
0.0 0.0 -0.12874965941 0.0 0.0 0.721869659405
0.0 0.0 -0.127695896722 0.0 0.0 0.720815896717
0.0 0.0 -0.126586995173 0.0 0.0 0.719706995168
0.0 0.0 -0.125423539551 0.0 0.0 0.718543539546
0.0 0.0 -0.124206151721 0.0 0.0 0.717326151716
0.0 0.0 -0.122935491619 0.0 0.0 0.716055491613
0.0 0.0 -0.121612258286 0.0 0.0 0.714732258281
0.0 0.0 -0.120237190972 0.0 0.0 0.713357190967
0.0 0.0 -0.118811070283 0.0 0.0 0.711931070278
0.0 0.0 -0.117334719382 0.0 0.0 0.710454719377
0.0 0.0 -0.115809005249 0.0 0.0 0.708929005244
0.0 0.0 -0.114234839986 0.0 0.0 0.707354839981
0.0 0.0 -0.112613182176 0.0 0.0 0.705733182171
0.0 0.0 -0.110945038295 0.0 0.0 0.70406503829
0.0 0.0 -0.109231464162 0.0 0.0 0.702351464157
0.0 0.0 -0.107473566443 0.0 0.0 0.700593566438
0.0 0.0 -0.105672504195 0.0 0.0 0.69879250419
0.0 0.0 -0.103829490442 0.0 0.0 0.696949490437
0.0 0.0 -0.101945793794 0.0 0.0 0.695065793789
0.0 0.0 -0.100022740092 0.0 0.0 0.693142740087
0.0 0.0 -0.0980617140741 0.0 0.0 0.691181714069
0.0 0.0 -0.0960641610608 0.0 0.0 0.689184161056
0.0 0.0 -0.0940315886486 0.0 0.0 0.687151588644
0.0 0.0 -0.0919655684035 0.0 0.0 0.685085568398
0.0 0.0 -0.0898677375447 0.0 0.0 0.68298773754
0.0 0.0 -0.0877398006061 0.0 0.0 0.680859800601
0.0 0.0 -0.0855835310654 0.0 0.0 0.67870353106
0.0 0.0 -0.083400772923 0.0 0.0 0.676520772918
0.0 0.0 -0.0811934422189 0.0 0.0 0.674313442214
0.0 0.0 -0.0789635284669 0.0 0.0 0.672083528462
0.0 0.0 -0.0767130959899 0.0 0.0 0.669833095985
0.0 0.0 -0.0744442851333 0.0 0.0 0.667564285128
0.0 0.0 -0.0721593133355 0.0 0.0 0.66527931333
0.0 0.0 -0.0698604760312 0.0 0.0 0.662980476026
0.0 0.0 -0.0675501473602 0.0 0.0 0.660670147355
0.0 0.0 -0.0652307806555 0.0 0.0 0.65835078065
0.0 0.0 -0.0629049086795 0.0 0.0 0.656024908674
0.0 0.0 -0.060575143579 0.0 0.0 0.653695143574
0.0 0.0 -0.058244176525 0.0 0.0 0.65136417652
0.0 0.0 -0.0559147770034 0.0 0.0 0.649034776998
0.0 0.0 -0.0535897917225 0.0 0.0 0.646709791717
0.0 0.0 -0.0512721431009 0.0 0.0 0.644392143096
0.0 0.0 -0.0489648272997 0.0 0.0 0.642084827295
0.0 0.0 -0.0466709117616 0.0 0.0 0.639790911756
0.0 0.0 -0.0443935322232 0.0 0.0 0.637513532218
0.0 0.0 -0.0421358891629 0.0 0.0 0.635255889158
0.0 0.0 -0.0399012436527 0.0 0.0 0.633021243648
0.0 0.0 -0.0376929125807 0.0 0.0 0.630812912576
0.0 0.0 -0.0355142632178 0.0 0.0 0.628634263213
0.0 0.0 -0.0333687071016 0.0 0.0 0.626488707097
0.0 0.0 -0.0312596932192 0.0 0.0 0.624379693214
0.0 0.0 -0.0291907004714 0.0 0.0 0.622310700466
0.0 0.0 -0.0271652294128 0.0 0.0 0.620285229408
0.0 0.0 -0.0251867932629 0.0 0.0 0.618306793258
0.0 0.0 -0.0232589081979 0.0 0.0 0.616378908193
0.0 0.0 -0.021385082938 0.0 0.0 0.614505082933
0.0 0.0 -0.0195688076552 0.0 0.0 0.61268880765
0.0 0.0 -0.0178135422399 0.0 0.0 0.610933542235
0.0 0.0 -0.0161227039727 0.0 0.0 0.609242703968
0.0 0.0 -0.0144996546629 0.0 0.0 0.607619654658
0.0 0.0 -0.0129476873234 0.0 0.0 0.606067687318
0.0 0.0 -0.0114700124687 0.0 0.0 0.604590012464
0.0 0.0 -0.0100697441305 0.0 0.0 0.603189744125
0.0 0.0 -0.00874988569913 0.0 0.0 0.601869885694
0.0 0.0 -0.00751331570896 0.0 0.0 0.600633315704
0.0 0.0 -0.00636277369634 0.0 0.0 0.599482773691
0.0 0.0 -0.00530084626474 0.0 0.0 0.59842084626
0.0 0.0 -0.0043299534999 0.0 0.0 0.597449953495
0.0 0.0 -0.0034523358803 0.0 0.0 0.596572335875
0.0 0.0 -0.00267004183043 0.0 0.0 0.595790041825
0.0 0.0 -0.00198491606298 0.0 0.0 0.595104916058
0.0 0.0 -0.00139858885179 0.0 0.0 0.594518588847
0.0 0.0 -0.000912466370735 0.0 0.0 0.594032466366
0.0 0.0 -0.00052772222363 0.0 0.0 0.593647722219
0.0 0.0 -0.000245290277463 0.0 0.0 0.593365290272
0.0 0.0 -6.58588960795e-05 0.0 0.0 0.593185858891
0.0 0.0 1.01333464119e-05 0.0 0.0 0.593109866648
0.0 0.0 -1.74995872483e-05 0.0 0.0 0.593137499582
0.0 0.0 -0.000148690028401 0.0 0.0 0.593268690023
0.0 0.0 -0.000383117027962 0.0 0.0 0.593503117023
0.0 0.0 -0.000720208370462 0.0 0.0 0.593840208365
0.0 0.0 -0.00115914414826 0.0 0.0 0.594279144143
0.0 0.0 -0.00169886184592 0.0 0.0 0.594818861841
0.0 0.0 -0.00233806286436 0.0 0.0 0.595458062859
0.0 0.0 -0.00307522039575 0.0 0.0 0.596195220391
0.0 0.0 -0.00390858854355 0.0 0.0 0.597028588538
0.0 0.0 -0.00483621256832 0.0 0.0 0.597956212563
0.0 0.0 -0.00585594012841 0.0 0.0 0.598975940123
0.0 0.0 -0.00696543337646 0.0 0.0 0.600085433371
0.0 0.0 -0.00816218176724 0.0 0.0 0.601282181762
0.0 0.0 -0.00944351542958 0.0 0.0 0.602563515424
0.0 0.0 -0.0108066189558 0.0 0.0 0.603926618951
0.0 0.0 -0.0122485454644 0.0 0.0 0.605368545459
0.0 0.0 -0.0137662307973 0.0 0.0 0.606886230792
0.0 0.0 -0.0153565077199 0.0 0.0 0.608476507715
0.0 0.0 -0.0170161200004 0.0 0.0 0.610136119995
0.0 0.0 -0.0187417362571 0.0 0.0 0.611861736252
0.0 0.0 -0.02052996347 0.0 0.0 0.613649963465
0.0 0.0 -0.0223773600685 0.0 0.0 0.615497360063
0.0 0.0 -0.024280448517 0.0 0.0 0.617400448512
0.0 0.0 -0.0262357273322 0.0 0.0 0.619355727327
0.0 0.0 -0.0282396824803 0.0 0.0 0.621359682475
0.0 0.0 -0.03028879811 0.0 0.0 0.623408798105
0.0 0.0 -0.0323795665928 0.0 0.0 0.625499566588
0.0 0.0 -0.0345084978487 0.0 0.0 0.627628497844
0.0 0.0 -0.0366721279465 0.0 0.0 0.629792127941
0.0 0.0 -0.0388670269775 0.0 0.0 0.631987026972
0.0 0.0 -0.0410898062057 0.0 0.0 0.634209806201
0.0 0.0 -0.0433371245097 0.0 0.0 0.636457124505
0.0 0.0 -0.0456056941315 0.0 0.0 0.638725694126
0.0 0.0 -0.047892285757 0.0 0.0 0.641012285752
0.0 0.0 -0.0501937329538 0.0 0.0 0.643313732949
0.0 0.0 -0.0525069359975 0.0 0.0 0.645626935992
0.0 0.0 -0.054828865119 0.0 0.0 0.647948865114
0.0 0.0 -0.0571565632063 0.0 0.0 0.650276563201
0.0 0.0 -0.0594871479984 0.0 0.0 0.652607147993
0.0 0.0 -0.0618178138049 0.0 0.0 0.6549378138
0.0 0.0 -0.0641458327909 0.0 0.0 0.657265832786
0.0 0.0 -0.0664685558597 0.0 0.0 0.659588555855
0.0 0.0 -0.0687834131723 0.0 0.0 0.661903413167
0.0 0.0 -0.0710879143349 0.0 0.0 0.66420791433
0.0 0.0 -0.0733796482905 0.0 0.0 0.666499648285
0.0 0.0 -0.0756562829443 0.0 0.0 0.668776282939
0.0 0.0 -0.0779155645544 0.0 0.0 0.671035564549
0.0 0.0 -0.0801553169157 0.0 0.0 0.673275316911
0.0 0.0 -0.0823734403648 0.0 0.0 0.67549344036
0.0 0.0 -0.08456791063 0.0 0.0 0.677687910625
0.0 0.0 -0.0867367775504 0.0 0.0 0.679856777545
0.0 0.0 -0.0888781636852 0.0 0.0 0.68199816368
0.0 0.0 -0.0909902628334 0.0 0.0 0.684110262828
0.0 0.0 -0.0930713384816 0.0 0.0 0.686191338476
0.0 0.0 -0.0951197221965 0.0 0.0 0.688239722191
0.0 0.0 -0.0971338119771 0.0 0.0 0.690253811972
0.0 0.0 -0.0991120705796 0.0 0.0 0.692232070574
0.0 0.0 -0.101053023827 0.0 0.0 0.694173023822
0.0 0.0 -0.102955258914 0.0 0.0 0.696075258909
0.0 0.0 -0.10481742272 0.0 0.0 0.697937422715
0.0 0.0 -0.106638220128 0.0 0.0 0.699758220123
0.0 0.0 -0.108416412371 0.0 0.0 0.701536412366
0.0 0.0 -0.110150815402 0.0 0.0 0.703270815397
0.0 0.0 -0.111840298298 0.0 0.0 0.704960298293
0.0 0.0 -0.113483781694 0.0 0.0 0.706603781689
0.0 0.0 -0.115080236269 0.0 0.0 0.708200236264
0.0 0.0 -0.116628681263 0.0 0.0 0.709748681258
0.0 0.0 -0.118128183052 0.0 0.0 0.711248183047
0.0 0.0 -0.11957785376 0.0 0.0 0.712697853755
0.0 0.0 -0.120976849933 0.0 0.0 0.714096849928
0.0 0.0 -0.122324371253 0.0 0.0 0.715444371248
0.0 0.0 -0.123619659316 0.0 0.0 0.716739659311
0.0 0.0 -0.124861996451 0.0 0.0 0.717981996446
0.0 0.0 -0.126050704604 0.0 0.0 0.719170704599
0.0 0.0 -0.127185144267 0.0 0.0 0.720305144262
0.0 0.0 -0.128264713463 0.0 0.0 0.721384713458
0.0 0.0 -0.129288846793 0.0 0.0 0.722408846788
0.0 0.0 -0.13025701452 0.0 0.0 0.723377014515
0.0 0.0 -0.131168721721 0.0 0.0 0.724288721716
0.0 0.0 -0.132023507486 0.0 0.0 0.725143507481
0.0 0.0 -0.132820944164 0.0 0.0 0.725940944159
0.0 0.0 -0.133560636672 0.0 0.0 0.726680636668
0.0 0.0 -0.134242221847 0.0 0.0 0.727362221842
0.0 0.0 -0.134865367848 0.0 0.0 0.727985367843
0.0 0.0 -0.135429773612 0.0 0.0 0.728549773607
0.0 0.0 -0.13593516836 0.0 0.0 0.729055168355
0.0 0.0 -0.13638131115 0.0 0.0 0.729501311145
0.0 0.0 -0.136767990474 0.0 0.0 0.72988799047
0.0 0.0 -0.137095023917 0.0 0.0 0.730215023912
0.0 0.0 -0.137362257846 0.0 0.0 0.730482257842
0.0 0.0 -0.137569567161 0.0 0.0 0.730689567156
0.0 0.0 -0.137716855085 0.0 0.0 0.73083685508
0.0 0.0 -0.137804053003 0.0 0.0 0.730924052998
0.0 0.0 -0.137831120351 0.0 0.0 0.730951120346
0.0 0.0 -0.137798044545 0.0 0.0 0.73091804454
0.0 0.0 -0.137704840962 0.0 0.0 0.730824840957
0.0 0.0 -0.137551552966 0.0 0.0 0.730671552962
0.0 0.0 -0.13733825198 0.0 0.0 0.730458251975
0.0 0.0 -0.1370650376 0.0 0.0 0.730185037595
0.0 0.0 -0.136732037769 0.0 0.0 0.729852037765
0.0 0.0 -0.136339408982 0.0 0.0 0.729459408977
0.0 0.0 -0.135887336548 0.0 0.0 0.729007336543
0.0 0.0 -0.135376034897 0.0 0.0 0.728496034892
0.0 0.0 -0.134805747934 0.0 0.0 0.727925747929
0.0 0.0 -0.134176749443 0.0 0.0 0.727296749439
0.0 0.0 -0.133489343539 0.0 0.0 0.726609343535
0.0 0.0 -0.132743865166 0.0 0.0 0.725863865161
0.0 0.0 -0.131940680649 0.0 0.0 0.725060680644
0.0 0.0 -0.131080188295 0.0 0.0 0.72420018829
0.0 0.0 -0.130162819045 0.0 0.0 0.72328281904
0.0 0.0 -0.129189037173 0.0 0.0 0.722309037168
0.0 0.0 -0.128159341044 0.0 0.0 0.721279341039
0.0 0.0 -0.127074263916 0.0 0.0 0.720194263911
0.0 0.0 -0.125934374805 0.0 0.0 0.7190543748
0.0 0.0 -0.124740279389 0.0 0.0 0.717860279385
0.0 0.0 -0.123492620983 0.0 0.0 0.716612620979
0.0 0.0 -0.122192081551 0.0 0.0 0.715312081546
0.0 0.0 -0.120839382779 0.0 0.0 0.713959382775
0.0 0.0 -0.119435287208 0.0 0.0 0.712555287204
0.0 0.0 -0.117980599408 0.0 0.0 0.711100599403
0.0 0.0 -0.116476167213 0.0 0.0 0.709596167208
0.0 0.0 -0.114922883008 0.0 0.0 0.708042883003
0.0 0.0 -0.113321685064 0.0 0.0 0.70644168506
0.0 0.0 -0.111673558927 0.0 0.0 0.704793558923
0.0 0.0 -0.109979538852 0.0 0.0 0.703099538847
0.0 0.0 -0.108240709283 0.0 0.0 0.701360709279
0.0 0.0 -0.106458206383 0.0 0.0 0.699578206378
0.0 0.0 -0.104633219591 0.0 0.0 0.697753219586
0.0 0.0 -0.102766993231 0.0 0.0 0.695886993226
0.0 0.0 -0.100860828139 0.0 0.0 0.693980828135
0.0 0.0 -0.0989160833246 0.0 0.0 0.69203608332
0.0 0.0 -0.0969341776474 0.0 0.0 0.690054177643
0.0 0.0 -0.0949165915089 0.0 0.0 0.688036591504
0.0 0.0 -0.092864868547 0.0 0.0 0.685984868542
0.0 0.0 -0.0907806173246 0.0 0.0 0.68390061732
0.0 0.0 -0.0886655130033 0.0 0.0 0.681785512999
0.0 0.0 -0.086521298987 0.0 0.0 0.679641298982
0.0 0.0 -0.0843497885254 0.0 0.0 0.677469788521
0.0 0.0 -0.0821528662593 0.0 0.0 0.675272866255
0.0 0.0 -0.0799324896928 0.0 0.0 0.673052489688
0.0 0.0 -0.0776906905742 0.0 0.0 0.67081069057
0.0 0.0 -0.0754295761645 0.0 0.0 0.66854957616
0.0 0.0 -0.0731513303732 0.0 0.0 0.666271330369
0.0 0.0 -0.0708582147367 0.0 0.0 0.663978214732
0.0 0.0 -0.0685525692149 0.0 0.0 0.66167256921
0.0 0.0 -0.0662368127784 0.0 0.0 0.659356812774
0.0 0.0 -0.0639134437577 0.0 0.0 0.657033443753
0.0 0.0 -0.0615850399239 0.0 0.0 0.654705039919
0.0 0.0 -0.0592542582691 0.0 0.0 0.652374258265
0.0 0.0 -0.0569238344527 0.0 0.0 0.650043834448
0.0 0.0 -0.0545965818795 0.0 0.0 0.647716581875
0.0 0.0 -0.0522753903735 0.0 0.0 0.645395390369
0.0 0.0 -0.0499632244124 0.0 0.0 0.643083224408
0.0 0.0 -0.0476631208844 0.0 0.0 0.64078312088
0.0 0.0 -0.0453781863337 0.0 0.0 0.638498186329
0.0 0.0 -0.0431115936569 0.0 0.0 0.636231593653
0.0 0.0 -0.0408665782171 0.0 0.0 0.633986578213
0.0 0.0 -0.0386464333427 0.0 0.0 0.631766433338
0.0 0.0 -0.0364545051819 0.0 0.0 0.629574505178
0.0 0.0 -0.0342941868852 0.0 0.0 0.627414186881
0.0 0.0 -0.032168912094 0.0 0.0 0.62528891209
0.0 0.0 -0.0300821477176 0.0 0.0 0.623202147713
0.0 0.0 -0.0280373859882 0.0 0.0 0.621157385984
0.0 0.0 -0.0260381357868 0.0 0.0 0.619158135782
0.0 0.0 -0.0240879132461 0.0 0.0 0.617207913242
0.0 0.0 -0.0221902316401 0.0 0.0 0.615310231636
0.0 0.0 -0.0203485905824 0.0 0.0 0.613468590578
0.0 0.0 -0.0185664645657 0.0 0.0 0.611686464561
0.0 0.0 -0.0168472908848 0.0 0.0 0.60996729088
0.0 0.0 -0.0151944569976 0.0 0.0 0.608314456993
0.0 0.0 -0.0136112873919 0.0 0.0 0.606731287388
0.0 0.0 -0.0121010300351 0.0 0.0 0.605221030031
0.0 0.0 -0.0106668424999 0.0 0.0 0.603786842496
0.0 0.0 -0.00931177786712 0.0 0.0 0.602431777863
0.0 0.0 -0.00803877052027 0.0 0.0 0.601158770516
0.0 0.0 -0.00685062195594 0.0 0.0 0.599970621952
0.0 0.0 -0.00574998674187 0.0 0.0 0.598869986738
0.0 0.0 -0.00473935876276 0.0 0.0 0.597859358759
0.0 0.0 -0.00382105789805 0.0 0.0 0.596941057894
0.0 0.0 -0.00299721727855 0.0 0.0 0.596117217274
0.0 0.0 -0.00226977126902 0.0 0.0 0.595389771265
0.0 0.0 -0.00164044432075 0.0 0.0 0.594760444317
0.0 0.0 -0.00111074083247 0.0 0.0 0.594230740828
0.0 0.0 -0.000681936149571 0.0 0.0 0.593801936145
0.0 0.0 -0.000355068819648 0.0 0.0 0.593475068815
0.0 0.0 -0.000130934208499 0.0 0.0 0.593250934204
0.0 0.0 -1.00795637705e-05 0.0 0.0 0.59313007956
0.0 0.0 7.19940528205e-06 0.0 0.0 0.593112800591
0.0 0.0 -7.91396159614e-05 0.0 0.0 0.593199139612
0.0 0.0 -0.000268885281403 0.0 0.0 0.593388885277
0.0 0.0 -0.000561573912059 0.0 0.0 0.593681573908
0.0 0.0 -0.000956492399076 0.0 0.0 0.594076492395
0.0 0.0 -0.00145268264117 0.0 0.0 0.594572682637
0.0 0.0 -0.00204894745476 0.0 0.0 0.595168947451
0.0 0.0 -0.00274385787552 0.0 0.0 0.595863857871
0.0 0.0 -0.00353576175281 0.0 0.0 0.596655761749
0.0 0.0 -0.0044227935231 0.0 0.0 0.597542793519
0.0 0.0 -0.00540288503613 0.0 0.0 0.598522885032
0.0 0.0 -0.00647377729814 0.0 0.0 0.599593777294
0.0 0.0 -0.00763303298934 0.0 0.0 0.600753032985
0.0 0.0 -0.00887804960955 0.0 0.0 0.601998049606
0.0 0.0 -0.0102060731046 0.0 0.0 0.603326073101
0.0 0.0 -0.011614211828 0.0 0.0 0.604734211824
0.0 0.0 -0.0130994506966 0.0 0.0 0.606219450693
0.0 0.0 -0.0146586654047 0.0 0.0 0.607778665401
0.0 0.0 -0.0162886365709 0.0 0.0 0.609408636567
0.0 0.0 -0.0179860636984 0.0 0.0 0.611106063694
0.0 0.0 -0.0197475788439 0.0 0.0 0.61286757884
0.0 0.0 -0.0215697598998 0.0 0.0 0.614689759896
0.0 0.0 -0.0234491434053 0.0 0.0 0.616569143401
0.0 0.0 -0.0253822368181 0.0 0.0 0.618502236814
0.0 0.0 -0.0273655301854 0.0 0.0 0.620485530182
0.0 0.0 -0.0293955071695 0.0 0.0 0.622515507166
0.0 0.0 -0.0314686553915 0.0 0.0 0.624588655388
0.0 0.0 -0.0335814760681 0.0 0.0 0.626701476064
0.0 0.0 -0.0357304929275 0.0 0.0 0.628850492924
0.0 0.0 -0.0379122603973 0.0 0.0 0.631032260393
0.0 0.0 -0.0401233710675 0.0 0.0 0.633243371064
0.0 0.0 -0.0423604624372 0.0 0.0 0.635480462433
0.0 0.0 -0.0446202229614 0.0 0.0 0.637740222958
0.0 0.0 -0.0468993974177 0.0 0.0 0.640019397414
0.0 0.0 -0.0491947916194 0.0 0.0 0.642314791616
0.0 0.0 -0.0515032765026 0.0 0.0 0.644623276499
0.0 0.0 -0.0538217916208 0.0 0.0 0.646941791617
0.0 0.0 -0.056147348078 0.0 0.0 0.649267348074
0.0 0.0 -0.058477030939 0.0 0.0 0.651597030935
0.0 0.0 -0.0608080011495 0.0 0.0 0.653928001146
0.0 0.0 -0.0631374970053 0.0 0.0 0.656257497002
0.0 0.0 -0.0654628352048 0.0 0.0 0.658582835201
0.0 0.0 -0.0677814115212 0.0 0.0 0.660901411517
0.0 0.0 -0.0700907011305 0.0 0.0 0.663210701127
0.0 0.0 -0.0723882586267 0.0 0.0 0.665508258623
0.0 0.0 -0.074671717759 0.0 0.0 0.667791717755
0.0 0.0 -0.0769387909203 0.0 0.0 0.670058790917
0.0 0.0 -0.0791872684177 0.0 0.0 0.672307268414
0.0 0.0 -0.0814150175517 0.0 0.0 0.674535017548
0.0 0.0 -0.0836199815302 0.0 0.0 0.676739981527
0.0 0.0 -0.0858001782416 0.0 0.0 0.678920178238
0.0 0.0 -0.0879536989091 0.0 0.0 0.681073698905
0.0 0.0 -0.0900787066473 0.0 0.0 0.683198706644
0.0 0.0 -0.0921734349385 0.0 0.0 0.685293434935
0.0 0.0 -0.0942361860477 0.0 0.0 0.687356186044
0.0 0.0 -0.0962653293901 0.0 0.0 0.689385329387
0.0 0.0 -0.0982592998667 0.0 0.0 0.691379299863
0.0 0.0 -0.100216596179 0.0 0.0 0.693336596175
0.0 0.0 -0.102135779135 0.0 0.0 0.695255779131
0.0 0.0 -0.104015469956 0.0 0.0 0.697135469953
0.0 0.0 -0.105854348595 0.0 0.0 0.698974348591
0.0 0.0 -0.107651152067 0.0 0.0 0.700771152063
0.0 0.0 -0.109404672811 0.0 0.0 0.702524672808
0.0 0.0 -0.111113757078 0.0 0.0 0.704233757074
