0.0 0.0 0.0 0.0 0.0 0.51898
0.0 0.0 -0.000219290241463 0.0 0.0 0.519199290241
0.0 0.0 -0.000657011526824 0.0 0.0 0.519637011527
0.0 0.0 -0.00131145622982 0.0 0.0 0.52029145623
0.0 0.0 -0.00218008952189 0.0 0.0 0.521160089522
0.0 0.0 -0.00325958044987 0.0 0.0 0.52223958045
0.0 0.0 -0.0045458419951 0.0 0.0 0.523525841995
0.0 0.0 -0.00603407902497 0.0 0.0 0.525014079025
0.0 0.0 -0.00771884288066 0.0 0.0 0.526698842881
0.0 0.0 -0.00959409123695 0.0 0.0 0.528574091237
0.0 0.0 -0.0116532518194 0.0 0.0 0.530633251819
0.0 0.0 -0.0138892885713 0.0 0.0 0.532869288571
0.0 0.0 -0.0162947689177 0.0 0.0 0.535274768918
0.0 0.0 -0.0188619308744 0.0 0.0 0.537841930874
0.0 0.0 -0.0215827488757 0.0 0.0 0.540562748876
0.0 0.0 -0.0244489973508 0.0 0.0 0.543428997351
0.0 0.0 -0.0274523112405 0.0 0.0 0.546432311241
0.0 0.0 -0.0305842428123 0.0 0.0 0.549564242812
0.0 0.0 -0.0338363142959 0.0 0.0 0.552816314296
0.0 0.0 -0.0372000660146 0.0 0.0 0.556180066015
0.0 0.0 -0.0406670998225 0.0 0.0 0.559647099822
0.0 0.0 -0.0442291177823 0.0 0.0 0.563209117782
0.0 0.0 -0.0478779561193 0.0 0.0 0.566857956119
0.0 0.0 -0.051605614572 0.0 0.0 0.570585614572
0.0 0.0 -0.0554042813258 0.0 0.0 0.574384281326
0.0 0.0 -0.0592663537681 0.0 0.0 0.578246353768
0.0 0.0 -0.063184455338 0.0 0.0 0.582164455338
0.0 0.0 -0.0671514487685 0.0 0.0 0.586131448768
0.0 0.0 -0.0711604460305 0.0 0.0 0.59014044603
0.0 0.0 -0.075204815294 0.0 0.0 0.594184815294
0.0 0.0 -0.0792781852187 0.0 0.0 0.598258185219
0.0 0.0 -0.0833744468767 0.0 0.0 0.602354446877
0.0 0.0 -0.0874877536005 0.0 0.0 0.6064677536
0.0 0.0 -0.0916125190326 0.0 0.0 0.610592519033
0.0 0.0 -0.0957434136351 0.0 0.0 0.614723413635
0.0 0.0 -0.0998753599014 0.0 0.0 0.618855359901
0.0 0.0 -0.104003526492 0.0 0.0 0.622983526491
0.0 0.0 -0.108123321492 0.0 0.0 0.627103321492
0.0 0.0 -0.112230384984 0.0 0.0 0.631210384984
0.0 0.0 -0.116320581084 0.0 0.0 0.635300581084
0.0 0.0 -0.120389989601 0.0 0.0 0.639369989601
0.0 0.0 -0.124434897439 0.0 0.0 0.643414897439
0.0 0.0 -0.128451789859 0.0 0.0 0.647431789859
0.0 0.0 -0.132437341691 0.0 0.0 0.651417341691
0.0 0.0 -0.136388408586 0.0 0.0 0.655368408586
0.0 0.0 -0.140302018368 0.0 0.0 0.659282018368
0.0 0.0 -0.144175362555 0.0 0.0 0.663155362554
0.0 0.0 -0.14800578808 0.0 0.0 0.66698578808
0.0 0.0 -0.151790789268 0.0 0.0 0.670770789268
0.0 0.0 -0.155528000073 0.0 0.0 0.674508000073
0.0 0.0 -0.159215186624 0.0 0.0 0.678195186623
0.0 0.0 -0.162850240066 0.0 0.0 0.681830240066
0.0 0.0 -0.166431169734 0.0 0.0 0.685411169734
0.0 0.0 -0.169956096632 0.0 0.0 0.688936096632
0.0 0.0 -0.173423247246 0.0 0.0 0.692403247246
0.0 0.0 -0.176830947666 0.0 0.0 0.695810947666
0.0 0.0 -0.180177618031 0.0 0.0 0.699157618031
0.0 0.0 -0.183461767266 0.0 0.0 0.702441767266
0.0 0.0 -0.18668198812 0.0 0.0 0.70566198812
0.0 0.0 -0.189836952491 0.0 0.0 0.708816952491
0.0 0.0 -0.192925407012 0.0 0.0 0.711905407012
0.0 0.0 -0.195946168906 0.0 0.0 0.714926168906
0.0 0.0 -0.198898122087 0.0 0.0 0.717878122086
0.0 0.0 -0.201780213486 0.0 0.0 0.720760213486
0.0 0.0 -0.204591449615 0.0 0.0 0.723571449615
0.0 0.0 -0.207330893324 0.0 0.0 0.726310893324
0.0 0.0 -0.209997660767 0.0 0.0 0.728977660767
0.0 0.0 -0.21259091855 0.0 0.0 0.731570918549
0.0 0.0 -0.215109881052 0.0 0.0 0.734089881052
0.0 0.0 -0.217553807919 0.0 0.0 0.736533807919
0.0 0.0 -0.219922001703 0.0 0.0 0.738902001703
0.0 0.0 -0.222213805652 0.0 0.0 0.741193805652
0.0 0.0 -0.22442860164 0.0 0.0 0.74340860164
0.0 0.0 -0.226565808218 0.0 0.0 0.745545808217
0.0 0.0 -0.228624878793 0.0 0.0 0.747604878792
0.0 0.0 -0.23060529992 0.0 0.0 0.749585299919
0.0 0.0 -0.232506589699 0.0 0.0 0.751486589699
0.0 0.0 -0.234328296278 0.0 0.0 0.753308296278
0.0 0.0 -0.236069996447 0.0 0.0 0.755049996446
0.0 0.0 -0.237731294326 0.0 0.0 0.756711294326
0.0 0.0 -0.239311820145 0.0 0.0 0.758291820144
0.0 0.0 -0.240811229089 0.0 0.0 0.759791229089
0.0 0.0 -0.242229200244 0.0 0.0 0.761209200243
0.0 0.0 -0.243565435595 0.0 0.0 0.762545435595
0.0 0.0 -0.244819659114 0.0 0.0 0.763799659114
0.0 0.0 -0.2459916159 0.0 0.0 0.7649716159
0.0 0.0 -0.247081071395 0.0 0.0 0.766061071395
0.0 0.0 -0.248087810659 0.0 0.0 0.767067810659
0.0 0.0 -0.249011637705 0.0 0.0 0.767991637704
0.0 0.0 -0.249852374889 0.0 0.0 0.768832374889
0.0 0.0 -0.250609862368 0.0 0.0 0.769589862367
0.0 0.0 -0.251283957595 0.0 0.0 0.770263957594
0.0 0.0 -0.251874534885 0.0 0.0 0.770854534885
0.0 0.0 -0.252381485022 0.0 0.0 0.771361485022
0.0 0.0 -0.25280471492 0.0 0.0 0.771784714919
0.0 0.0 -0.253144147332 0.0 0.0 0.772124147332
0.0 0.0 -0.253399720614 0.0 0.0 0.772379720614
0.0 0.0 -0.253571388532 0.0 0.0 0.772551388532
0.0 0.0 -0.253659120115 0.0 0.0 0.772639120115
0.0 0.0 -0.253662899564 0.0 0.0 0.772642899564
0.0 0.0 -0.253582726198 0.0 0.0 0.772562726197
0.0 0.0 -0.253418614454 0.0 0.0 0.772398614454
0.0 0.0 -0.253170593934 0.0 0.0 0.772150593934
0.0 0.0 -0.252838709493 0.0 0.0 0.771818709492
0.0 0.0 -0.25242302138 0.0 0.0 0.77140302138
0.0 0.0 -0.251923605428 0.0 0.0 0.770903605427
0.0 0.0 -0.251340553285 0.0 0.0 0.770320553285
0.0 0.0 -0.250673972703 0.0 0.0 0.769653972703
0.0 0.0 -0.249923987869 0.0 0.0 0.768903987869
0.0 0.0 -0.249090739794 0.0 0.0 0.768070739793
0.0 0.0 -0.248174386744 0.0 0.0 0.767154386744
0.0 0.0 -0.247175104739 0.0 0.0 0.766155104738
0.0 0.0 -0.24609308809 0.0 0.0 0.765073088089
0.0 0.0 -0.244928550004 0.0 0.0 0.763908550004
0.0 0.0 -0.243681723246 0.0 0.0 0.762661723245
0.0 0.0 -0.242352860851 0.0 0.0 0.761332860851
0.0 0.0 -0.240942236914 0.0 0.0 0.759922236913
0.0 0.0 -0.23945014743 0.0 0.0 0.75843014743
0.0 0.0 -0.237876911216 0.0 0.0 0.756856911216
0.0 0.0 -0.236222870889 0.0 0.0 0.755202870889
0.0 0.0 -0.234488393929 0.0 0.0 0.753468393929
0.0 0.0 -0.232673873815 0.0 0.0 0.751653873815
0.0 0.0 -0.230779731244 0.0 0.0 0.749759731243
0.0 0.0 -0.228806415432 0.0 0.0 0.747786415432
0.0 0.0 -0.226754405516 0.0 0.0 0.745734405516
0.0 0.0 -0.224624212036 0.0 0.0 0.743604212035
0.0 0.0 -0.222416378532 0.0 0.0 0.741396378531
0.0 0.0 -0.22013148324 0.0 0.0 0.73911148324
0.0 0.0 -0.217770140909 0.0 0.0 0.736750140908
0.0 0.0 -0.215333004728 0.0 0.0 0.734313004728
0.0 0.0 -0.212820768394 0.0 0.0 0.731800768393
0.0 0.0 -0.210234168303 0.0 0.0 0.729214168302
0.0 0.0 -0.2075739859 0.0 0.0 0.726553985899
0.0 0.0 -0.20484105017 0.0 0.0 0.72382105017
0.0 0.0 -0.202036240304 0.0 0.0 0.721016240303
0.0 0.0 -0.199160488529 0.0 0.0 0.718140488529
0.0 0.0 -0.196214783134 0.0 0.0 0.715194783134
0.0 0.0 -0.193200171683 0.0 0.0 0.712180171682
0.0 0.0 -0.190117764443 0.0 0.0 0.709097764442
0.0 0.0 -0.186968738029 0.0 0.0 0.705948738029
0.0 0.0 -0.183754339287 0.0 0.0 0.702734339286
0.0 0.0 -0.180475889414 0.0 0.0 0.699455889413
0.0 0.0 -0.177134788346 0.0 0.0 0.696114788346
0.0 0.0 -0.173732519413 0.0 0.0 0.692712519413
0.0 0.0 -0.170270654272 0.0 0.0 0.689250654271
0.0 0.0 -0.16675085814 0.0 0.0 0.685730858139
0.0 0.0 -0.163174895328 0.0 0.0 0.682154895328
0.0 0.0 -0.159544635086 0.0 0.0 0.678524635086
0.0 0.0 -0.155862057765 0.0 0.0 0.674842057764
0.0 0.0 -0.1521292613 0.0 0.0 0.671109261299
0.0 0.0 -0.14834846802 0.0 0.0 0.667328468019
0.0 0.0 -0.144522031768 0.0 0.0 0.663502031767
0.0 0.0 -0.140652445336 0.0 0.0 0.659632445336
0.0 0.0 -0.136742348195 0.0 0.0 0.655722348194
0.0 0.0 -0.132794534498 0.0 0.0 0.651774534497
0.0 0.0 -0.128811961338 0.0 0.0 0.647791961338
0.0 0.0 -0.124797757211 0.0 0.0 0.643777757211
0.0 0.0 -0.120755230649 0.0 0.0 0.639735230648
0.0 0.0 -0.116687878963 0.0 0.0 0.635667878962
0.0 0.0 -0.112599397031 0.0 0.0 0.63157939703
0.0 0.0 -0.108493686043 0.0 0.0 0.627473686042
0.0 0.0 -0.104374862117 0.0 0.0 0.623354862116
0.0 0.0 -0.100247264666 0.0 0.0 0.619227264665
0.0 0.0 -0.0961154644043 0.0 0.0 0.615095464404
0.0 0.0 -0.0919842708268 0.0 0.0 0.610964270826
0.0 0.0 -0.0878587390218 0.0 0.0 0.606838739021
0.0 0.0 -0.0837441756217 0.0 0.0 0.602724175621
0.0 0.0 -0.0796461436976 0.0 0.0 0.598626143697
0.0 0.0 -0.0755704663752 0.0 0.0 0.594550466374
0.0 0.0 -0.0715232289348 0.0 0.0 0.590503228934
0.0 0.0 -0.0675107791363 0.0 0.0 0.586490779136
0.0 0.0 -0.0635397254948 0.0 0.0 0.582519725494
0.0 0.0 -0.0596169332158 0.0 0.0 0.578596933215
0.0 0.0 -0.0557495174867 0.0 0.0 0.574729517486
0.0 0.0 -0.0519448338148 0.0 0.0 0.570924833814
0.0 0.0 -0.0482104650944 0.0 0.0 0.567190465094
0.0 0.0 -0.0445542050948 0.0 0.0 0.563534205094
0.0 0.0 -0.0409840380679 0.0 0.0 0.559964038067
0.0 0.0 -0.0375081142017 0.0 0.0 0.556488114201
0.0 0.0 -0.0341347206752 0.0 0.0 0.553114720674
0.0 0.0 -0.0308722481258 0.0 0.0 0.549852248125
0.0 0.0 -0.0277291523991 0.0 0.0 0.546709152398
0.0 0.0 -0.0247139115387 0.0 0.0 0.543693911538
0.0 0.0 -0.0218349780727 0.0 0.0 0.540814978072
0.0 0.0 -0.0191007267722 0.0 0.0 0.538080726771
0.0 0.0 -0.0165193981945 0.0 0.0 0.535499398194
0.0 0.0 -0.014099038477 0.0 0.0 0.533079038476
0.0 0.0 -0.011847436005 0.0 0.0 0.530827436004
0.0 0.0 -0.00977205574945 0.0 0.0 0.528752055749
0.0 0.0 -0.00787997222924 0.0 0.0 0.526859972228
0.0 0.0 -0.00617780221171 0.0 0.0 0.525157802211
0.0 0.0 -0.00467163839262 0.0 0.0 0.523651638392
0.0 0.0 -0.00336698540125 0.0 0.0 0.5223469854
0.0 0.0 -0.00226869953507 0.0 0.0 0.521248699534
0.0 0.0 -0.00138093364025 0.0 0.0 0.520360933639
0.0 0.0 -0.000707088509193 0.0 0.0 0.519687088508
0.0 0.0 -0.000249772063277 0.0 0.0 0.519229772062
0.0 0.0 -1.07674273085e-05 0.0 0.0 0.518990767426
0.0 0.0 8.9892128641e-06 0.0 0.0 0.518971010786
0.0 0.0 -0.000190579661921 0.0 0.0 0.519170579661
0.0 0.0 -0.000608691929883 0.0 0.0 0.519588691929
0.0 0.0 -0.00124371563578 0.0 0.0 0.520223715635
0.0 0.0 -0.0020931892964 0.0 0.0 0.521073189295
0.0 0.0 -0.00315385212325 0.0 0.0 0.522133852122
0.0 0.0 -0.00442168331477 0.0 0.0 0.523401683314
0.0 0.0 -0.00589194934661 0.0 0.0 0.524871949346
0.0 0.0 -0.00755925801664 0.0 0.0 0.526539258016
0.0 0.0 -0.00941761788759 0.0 0.0 0.528397617887
0.0 0.0 -0.0114605017152 0.0 0.0 0.530440501714
0.0 0.0 -0.0136809124511 0.0 0.0 0.53266091245
0.0 0.0 -0.0160714504611 0.0 0.0 0.53505145046
0.0 0.0 -0.0186243806964 0.0 0.0 0.537604380695
0.0 0.0 -0.0213316986787 0.0 0.0 0.540311698678
0.0 0.0 -0.024185194315 0.0 0.0 0.543165194314
0.0 0.0 -0.0271765127188 0.0 0.0 0.546156512718
0.0 0.0 -0.0302972113797 0.0 0.0 0.549277211378
0.0 0.0 -0.0335388131916 0.0 0.0 0.55251881319
0.0 0.0 -0.0368928549986 0.0 0.0 0.555872854997
0.0 0.0 -0.0403509314597 0.0 0.0 0.559330931458
0.0 0.0 -0.0439047341545 0.0 0.0 0.562884734153
0.0 0.0 -0.0475460859596 0.0 0.0 0.566526085958
0.0 0.0 -0.0512669708057 0.0 0.0 0.570246970804
0.0 0.0 -0.055059559001 0.0 0.0 0.574039559
0.0 0.0 -0.0589162283509 0.0 0.0 0.57789622835
0.0 0.0 -0.062829581348 0.0 0.0 0.581809581347
0.0 0.0 -0.0667924587263 0.0 0.0 0.585772458725
0.0 0.0 -0.0707979496892 0.0 0.0 0.589777949688
0.0 0.0 -0.0748393991264 0.0 0.0 0.593819399125
0.0 0.0 -0.0789104121326 0.0 0.0 0.597890412131
0.0 0.0 -0.0830048561308 0.0 0.0 0.60198485613
0.0 0.0 -0.0871168608961 0.0 0.0 0.606096860895
0.0 0.0 -0.0912408167555 0.0 0.0 0.610220816754
0.0 0.0 -0.0953713712269 0.0 0.0 0.614351371226
0.0 0.0 -0.0995034243379 0.0 0.0 0.618483424337
0.0 0.0 -0.103632122849 0.0 0.0 0.622612122848
0.0 0.0 -0.107752853586 0.0 0.0 0.626732853584
0.0 0.0 -0.111861236061 0.0 0.0 0.630841236059
0.0 0.0 -0.115953114556 0.0 0.0 0.634933114555
0.0 0.0 -0.120024549811 0.0 0.0 0.639004549809
0.0 0.0 -0.124071810439 0.0 0.0 0.643051810438
0.0 0.0 -0.128091364203 0.0 0.0 0.647071364202
0.0 0.0 -0.132079869224 0.0 0.0 0.651059869223
0.0 0.0 -0.136034165229 0.0 0.0 0.655014165227
0.0 0.0 -0.13995126489 0.0 0.0 0.658931264889
0.0 0.0 -0.143828345331 0.0 0.0 0.662808345329
0.0 0.0 -0.147662739824 0.0 0.0 0.666642739823
0.0 0.0 -0.151451929745 0.0 0.0 0.670431929743
0.0 0.0 -0.155193536787 0.0 0.0 0.674173536785
0.0 0.0 -0.158885315475 0.0 0.0 0.677865315474
0.0 0.0 -0.162525145986 0.0 0.0 0.681505145984
0.0 0.0 -0.166111027283 0.0 0.0 0.685091027281
0.0 0.0 -0.169641070574 0.0 0.0 0.688621070573
0.0 0.0 -0.173113493094 0.0 0.0 0.692093493092
0.0 0.0 -0.176526612198 0.0 0.0 0.695506612197
0.0 0.0 -0.179878839777 0.0 0.0 0.698858839775
0.0 0.0 -0.183168676969 0.0 0.0 0.702148676967
0.0 0.0 -0.186394709173 0.0 0.0 0.705374709171
0.0 0.0 -0.189555601343 0.0 0.0 0.708535601342
0.0 0.0 -0.192650093559 0.0 0.0 0.711630093557
0.0 0.0 -0.195676996852 0.0 0.0 0.71465699685
0.0 0.0 -0.198635189283 0.0 0.0 0.717615189281
0.0 0.0 -0.201523612256 0.0 0.0 0.720503612254
0.0 0.0 -0.204341267052 0.0 0.0 0.723321267051
0.0 0.0 -0.207087211578 0.0 0.0 0.726067211577
0.0 0.0 -0.209760557307 0.0 0.0 0.728740557306
0.0 0.0 -0.212360466415 0.0 0.0 0.731340466413
0.0 0.0 -0.214886149085 0.0 0.0 0.733866149084
0.0 0.0 -0.217336860987 0.0 0.0 0.736316860985
0.0 0.0 -0.2197119009 0.0 0.0 0.738691900899
0.0 0.0 -0.222010608498 0.0 0.0 0.740990608497
0.0 0.0 -0.224232362257 0.0 0.0 0.743212362255
0.0 0.0 -0.226376577502 0.0 0.0 0.745356577501
0.0 0.0 -0.228442704575 0.0 0.0 0.747422704573
0.0 0.0 -0.230430227113 0.0 0.0 0.749410227111
0.0 0.0 -0.232338660438 0.0 0.0 0.751318660436
0.0 0.0 -0.234167550052 0.0 0.0 0.75314755005
0.0 0.0 -0.23591647022 0.0 0.0 0.754896470219
0.0 0.0 -0.237585022656 0.0 0.0 0.756565022655
0.0 0.0 -0.239172835284 0.0 0.0 0.758152835282
0.0 0.0 -0.240679561089 0.0 0.0 0.759659561088
0.0 0.0 -0.242104877046 0.0 0.0 0.761084877044
0.0 0.0 -0.243448483117 0.0 0.0 0.762428483115
0.0 0.0 -0.24471010133 0.0 0.0 0.763690101329
0.0 0.0 -0.245889474916 0.0 0.0 0.764869474914
0.0 0.0 -0.246986367515 0.0 0.0 0.765966367513
0.0 0.0 -0.24800056245 0.0 0.0 0.766980562448
0.0 0.0 -0.248931862051 0.0 0.0 0.76791186205
0.0 0.0 -0.249780087049 0.0 0.0 0.768760087048
0.0 0.0 -0.250545076017 0.0 0.0 0.769525076015
0.0 0.0 -0.251226684871 0.0 0.0 0.770206684869
0.0 0.0 -0.251824786424 0.0 0.0 0.770804786422
0.0 0.0 -0.252339269992 0.0 0.0 0.77131926999
0.0 0.0 -0.252770041048 0.0 0.0 0.771750041046
0.0 0.0 -0.253117020931 0.0 0.0 0.772097020929
0.0 0.0 -0.253380146601 0.0 0.0 0.772360146599
0.0 0.0 -0.253559370442 0.0 0.0 0.77253937044
0.0 0.0 -0.253654660114 0.0 0.0 0.772634660113
0.0 0.0 -0.253665998455 0.0 0.0 0.772645998453
0.0 0.0 -0.253593383423 0.0 0.0 0.772573383421
0.0 0.0 -0.253436828093 0.0 0.0 0.772416828092
0.0 0.0 -0.253196360699 0.0 0.0 0.772176360697
0.0 0.0 -0.252872024717 0.0 0.0 0.771852024715
0.0 0.0 -0.252463879003 0.0 0.0 0.771443879001
0.0 0.0 -0.251971997979 0.0 0.0 0.770951997977
0.0 0.0 -0.251396471857 0.0 0.0 0.770376471855
0.0 0.0 -0.250737406926 0.0 0.0 0.769717406924
0.0 0.0 -0.24999492588 0.0 0.0 0.768974925878
0.0 0.0 -0.249169168196 0.0 0.0 0.768149168194
0.0 0.0 -0.248260290568 0.0 0.0 0.767240290566
0.0 0.0 -0.247268467397 0.0 0.0 0.766248467395
0.0 0.0 -0.246193891322 0.0 0.0 0.76517389132
0.0 0.0 -0.245036773823 0.0 0.0 0.764016773821
0.0 0.0 -0.243797345876 0.0 0.0 0.762777345874
0.0 0.0 -0.242475858659 0.0 0.0 0.761455858657
0.0 0.0 -0.241072584337 0.0 0.0 0.760052584335
0.0 0.0 -0.2395878169 0.0 0.0 0.758567816897
0.0 0.0 -0.238021873066 0.0 0.0 0.757001873064
0.0 0.0 -0.23637509327 0.0 0.0 0.755355093268
0.0 0.0 -0.234647842707 0.0 0.0 0.753627842705
0.0 0.0 -0.232840512467 0.0 0.0 0.751820512465
0.0 0.0 -0.230953520744 0.0 0.0 0.749933520742
0.0 0.0 -0.228987314132 0.0 0.0 0.74796731413
0.0 0.0 -0.226942369012 0.0 0.0 0.74592236901
0.0 0.0 -0.224819193034 0.0 0.0 0.743799193032
0.0 0.0 -0.222618326699 0.0 0.0 0.741598326697
0.0 0.0 -0.220340345048 0.0 0.0 0.739320345046
0.0 0.0 -0.217985859463 0.0 0.0 0.73696585946
0.0 0.0 -0.21555551959 0.0 0.0 0.734535519588
0.0 0.0 -0.213050015391 0.0 0.0 0.732030015389
0.0 0.0 -0.210470079326 0.0 0.0 0.729450079323
0.0 0.0 -0.207816488681 0.0 0.0 0.726796488679
0.0 0.0 -0.205090068056 0.0 0.0 0.724070068054
0.0 0.0 -0.202291692007 0.0 0.0 0.721271692005
0.0 0.0 -0.199422287867 0.0 0.0 0.718402287864
0.0 0.0 -0.196482838746 0.0 0.0 0.715462838744
0.0 0.0 -0.193474386736 0.0 0.0 0.712454386734
0.0 0.0 -0.190398036311 0.0 0.0 0.709378036309
0.0 0.0 -0.18725495796 0.0 0.0 0.706234957957
0.0 0.0 -0.184046392037 0.0 0.0 0.703026392034
0.0 0.0 -0.18077365287 0.0 0.0 0.699753652868
0.0 0.0 -0.177438133122 0.0 0.0 0.696418133119
0.0 0.0 -0.174041308412 0.0 0.0 0.69302130841
0.0 0.0 -0.170584742238 0.0 0.0 0.689564742236
0.0 0.0 -0.167070091171 0.0 0.0 0.686050091168
0.0 0.0 -0.163499110364 0.0 0.0 0.682479110362
0.0 0.0 -0.159873659372 0.0 0.0 0.678853659369
0.0 0.0 -0.15619570828 0.0 0.0 0.675175708278
0.0 0.0 -0.152467344166 0.0 0.0 0.671447344164
0.0 0.0 -0.14869077787 0.0 0.0 0.667670777868
0.0 0.0 -0.144868351095 0.0 0.0 0.663848351092
0.0 0.0 -0.141002543809 0.0 0.0 0.659982543806
0.0 0.0 -0.137095981953 0.0 0.0 0.65607598195
0.0 0.0 -0.133151445419 0.0 0.0 0.652131445417
0.0 0.0 -0.129171876287 0.0 0.0 0.648151876284
0.0 0.0 -0.125160387266 0.0 0.0 0.644140387264
0.0 0.0 -0.121120270325 0.0 0.0 0.640100270322
0.0 0.0 -0.117055005416 0.0 0.0 0.636035005414
0.0 0.0 -0.11296826927 0.0 0.0 0.631948269268
0.0 0.0 -0.108863944147 0.0 0.0 0.627843944145
0.0 0.0 -0.104746126466 0.0 0.0 0.623726126463
0.0 0.0 -0.100619135202 0.0 0.0 0.619599135199
0.0 0.0 -0.0964875199272 0.0 0.0 0.615467519925
0.0 0.0 -0.0923560683487 0.0 0.0 0.611336068346
0.0 0.0 -0.0882298131847 0.0 0.0 0.607209813182
0.0 0.0 -0.0841140382021 0.0 0.0 0.6030940382
0.0 0.0 -0.0800142832146 0.0 0.0 0.598994283212
0.0 0.0 -0.0759363478234 0.0 0.0 0.594916347821
0.0 0.0 -0.0718862936642 0.0 0.0 0.590866293662
0.0 0.0 -0.0678704449026 0.0 0.0 0.5868504449
0.0 0.0 -0.0638953867062 0.0 0.0 0.582875386704
0.0 0.0 -0.0599679614024 0.0 0.0 0.5789479614
0.0 0.0 -0.0560952620213 0.0 0.0 0.575075262019
0.0 0.0 -0.0522846229117 0.0 0.0 0.571264622909
0.0 0.0 -0.0485436071161 0.0 0.0 0.567523607114
0.0 0.0 -0.0448799901931 0.0 0.0 0.563859990191
0.0 0.0 -0.0413017401866 0.0 0.0 0.560281740184
0.0 0.0 -0.037816993463 0.0 0.0 0.55679699346
0.0 0.0 -0.0344340261716 0.0 0.0 0.553414026169
0.0 0.0 -0.0311612211311 0.0 0.0 0.550141221128
0.0 0.0 -0.028007030007 0.0 0.0 0.546987030004
0.0 0.0 -0.0249799307299 0.0 0.0 0.543959930727
0.0 0.0 -0.0220883801996 0.0 0.0 0.541068380197
0.0 0.0 -0.0193407624407 0.0 0.0 0.538320762438
0.0 0.0 -0.0167453325092 0.0 0.0 0.535725332507
0.0 0.0 -0.0143101565998 0.0 0.0 0.533290156597
0.0 0.0 -0.0120430489662 0.0 0.0 0.531023048964
0.0 0.0 -0.00995150643107 0.0 0.0 0.528931506428
0.0 0.0 -0.00804264142913 0.0 0.0 0.527022641426
0.0 0.0 -0.00632311468211 0.0 0.0 0.525303114679
0.0 0.0 -0.00479906873661 0.0 0.0 0.523779068734
0.0 0.0 -0.00347606370286 0.0 0.0 0.5224560637
0.0 0.0 -0.00235901659546 0.0 0.0 0.521339016593
0.0 0.0 -0.00145214569326 0.0 0.0 0.520432145691
0.0 0.0 -0.000758921296262 0.0 0.0 0.519738921294
0.0 0.0 -0.000282024159265 0.0 0.0 0.519262024157
0.0 0.0 -2.33127257043e-05 0.0 0.0 0.519003312723
0.0 0.0 1.61999255909e-05 0.0 0.0 0.518963800072
0.0 0.0 -0.000163641235789 0.0 0.0 0.519143641233
0.0 0.0 -0.000562131243545 0.0 0.0 0.519542131241
0.0 0.0 -0.00117771397845 0.0 0.0 0.520157713976
0.0 0.0 -0.0020080015482 0.0 0.0 0.520988001545
0.0 0.0 -0.00304980364821 0.0 0.0 0.522029803645
0.0 0.0 -0.00429916607822 0.0 0.0 0.523279166075
0.0 0.0 -0.00575141736117 0.0 0.0 0.524731417358
0.0 0.0 -0.00740122223439 0.0 0.0 0.526381222232
0.0 0.0 -0.00924264066374 0.0 0.0 0.528222640661
0.0 0.0 -0.0112691909711 0.0 0.0 0.530249190968
0.0 0.0 -0.013473915662 0.0 0.0 0.532453915659
0.0 0.0 -0.0158494485886 0.0 0.0 0.534829448586
0.0 0.0 -0.0183880821728 0.0 0.0 0.53736808217
0.0 0.0 -0.0210818335415 0.0 0.0 0.540061833539
0.0 0.0 -0.0239225085734 0.0 0.0 0.542902508571
0.0 0.0 -0.026901763018 0.0 0.0 0.545881763015
0.0 0.0 -0.0300111600173 0.0 0.0 0.548991160014
0.0 0.0 -0.033242223523 0.0 0.0 0.55222222352
0.0 0.0 -0.0365864872558 0.0 0.0 0.555566487253
0.0 0.0 -0.0400355389963 0.0 0.0 0.559015538993
0.0 0.0 -0.04358106012 0.0 0.0 0.562561060117
0.0 0.0 -0.0472148603952 0.0 0.0 0.566194860392
0.0 0.0 -0.0509289081507 0.0 0.0 0.569908908148
0.0 0.0 -0.0547153559879 0.0 0.0 0.573695355985
0.0 0.0 -0.0585665622698 0.0 0.0 0.577546562267
0.0 0.0 -0.0624751086521 0.0 0.0 0.581455108649
0.0 0.0 -0.0664338139523 0.0 0.0 0.585413813949
0.0 0.0 -0.0704357446645 0.0 0.0 0.589415744662
0.0 0.0 -0.074474222435 0.0 0.0 0.593454222432
0.0 0.0 -0.07854282881 0.0 0.0 0.597522828807
0.0 0.0 -0.0826354075637 0.0 0.0 0.601615407561
0.0 0.0 -0.0867460648989 0.0 0.0 0.605726064896
0.0 0.0 -0.0908691677999 0.0 0.0 0.609849167797
0.0 0.0 -0.0949993408022 0.0 0.0 0.613979340799
0.0 0.0 -0.0991314614204 0.0 0.0 0.618111461417
0.0 0.0 -0.103260654462 0.0 0.0 0.622240654459
0.0 0.0 -0.10738228543 0.0 0.0 0.626362285427
0.0 0.0 -0.111491953206 0.0 0.0 0.630471953203
0.0 0.0 -0.11558548217 0.0 0.0 0.634565482167
0.0 0.0 -0.11965891392 0.0 0.0 0.638638913917
0.0 0.0 -0.123708498711 0.0 0.0 0.642688498708
0.0 0.0 -0.127730686734 0.0 0.0 0.646710686731
0.0 0.0 -0.131722119332 0.0 0.0 0.650702119329
0.0 0.0 -0.135679620236 0.0 0.0 0.654659620233
0.0 0.0 -0.1396001869 0.0 0.0 0.658580186897
0.0 0.0 -0.143480981982 0.0 0.0 0.662460981979
0.0 0.0 -0.147319325031 0.0 0.0 0.666299325028
0.0 0.0 -0.151112684411 0.0 0.0 0.670092684407
0.0 0.0 -0.154858669492 0.0 0.0 0.673838669488
0.0 0.0 -0.158555023139 0.0 0.0 0.677535023136
0.0 0.0 -0.162199614501 0.0 0.0 0.681179614498
0.0 0.0 -0.165790432119 0.0 0.0 0.684770432116
0.0 0.0 -0.169325577357 0.0 0.0 0.688305577353
0.0 0.0 -0.172803258147 0.0 0.0 0.691783258143
0.0 0.0 -0.176221783065 0.0 0.0 0.695201783061
0.0 0.0 -0.17957955571 0.0 0.0 0.698559555707
0.0 0.0 -0.182875069395 0.0 0.0 0.701855069392
0.0 0.0 -0.186106902129 0.0 0.0 0.705086902125
0.0 0.0 -0.189273711888 0.0 0.0 0.708253711885
0.0 0.0 -0.192374232164 0.0 0.0 0.711354232161
0.0 0.0 -0.195407267763 0.0 0.0 0.71438726776
0.0 0.0 -0.198371690866 0.0 0.0 0.717351690862
0.0 0.0 -0.201266437318 0.0 0.0 0.720246437315
0.0 0.0 -0.204090503148 0.0 0.0 0.723070503145
0.0 0.0 -0.20684294129 0.0 0.0 0.725822941286
0.0 0.0 -0.209522858515 0.0 0.0 0.728502858511
0.0 0.0 -0.212129412547 0.0 0.0 0.731109412543
0.0 0.0 -0.214661809353 0.0 0.0 0.73364180935
0.0 0.0 -0.217119300606 0.0 0.0 0.736099300602
0.0 0.0 -0.219501181298 0.0 0.0 0.738481181295
0.0 0.0 -0.221806787507 0.0 0.0 0.740786787504
0.0 0.0 -0.224035494299 0.0 0.0 0.743015494295
0.0 0.0 -0.226186713757 0.0 0.0 0.745166713754
0.0 0.0 -0.228259893143 0.0 0.0 0.74723989314
0.0 0.0 -0.230254513163 0.0 0.0 0.74923451316
0.0 0.0 -0.232170086351 0.0 0.0 0.751150086347
0.0 0.0 -0.234006155549 0.0 0.0 0.752986155546
0.0 0.0 -0.23576229249 0.0 0.0 0.754742292487
0.0 0.0 -0.237438096467 0.0 0.0 0.756418096464
0.0 0.0 -0.239033193092 0.0 0.0 0.758013193089
0.0 0.0 -0.24054723314 0.0 0.0 0.759527233137
0.0 0.0 -0.241979891467 0.0 0.0 0.760959891463
0.0 0.0 -0.243330866005 0.0 0.0 0.762310866002
0.0 0.0 -0.244599876832 0.0 0.0 0.763579876828
0.0 0.0 -0.245786665302 0.0 0.0 0.764766665298
0.0 0.0 -0.246890993249 0.0 0.0 0.765870993246
0.0 0.0 -0.247912642253 0.0 0.0 0.766892642249
0.0 0.0 -0.248851412957 0.0 0.0 0.767831412954
0.0 0.0 -0.24970712446 0.0 0.0 0.768687124457
0.0 0.0 -0.25047961375 0.0 0.0 0.769459613746
0.0 0.0 -0.251168735199 0.0 0.0 0.770148735196
0.0 0.0 -0.251774360118 0.0 0.0 0.770754360115
0.0 0.0 -0.25229637635 0.0 0.0 0.771276376347
0.0 0.0 -0.252734687927 0.0 0.0 0.771714687924
0.0 0.0 -0.253089214771 0.0 0.0 0.772069214767
0.0 0.0 -0.253359892443 0.0 0.0 0.772339892439
0.0 0.0 -0.253546671945 0.0 0.0 0.772526671941
0.0 0.0 -0.253649519567 0.0 0.0 0.772629519564
0.0 0.0 -0.253668416783 0.0 0.0 0.772648416779
0.0 0.0 -0.253603360191 0.0 0.0 0.772583360187
0.0 0.0 -0.253454361504 0.0 0.0 0.772434361501
0.0 0.0 -0.253221447588 0.0 0.0 0.772201447585
0.0 0.0 -0.252904660542 0.0 0.0 0.771884660538
0.0 0.0 -0.252504057831 0.0 0.0 0.771484057827
0.0 0.0 -0.252019712465 0.0 0.0 0.770999712461
0.0 0.0 -0.251451713225 0.0 0.0 0.770431713222
0.0 0.0 -0.250800164941 0.0 0.0 0.769780164937
0.0 0.0 -0.250065188812 0.0 0.0 0.769045188809
0.0 0.0 -0.249246922789 0.0 0.0 0.768226922786
0.0 0.0 -0.248345521998 0.0 0.0 0.767325521994
0.0 0.0 -0.247361159221 0.0 0.0 0.766341159217
0.0 0.0 -0.246294025434 0.0 0.0 0.76527402543
0.0 0.0 -0.245144330394 0.0 0.0 0.764124330391
0.0 0.0 -0.243912303293 0.0 0.0 0.762892303289
0.0 0.0 -0.24259819346 0.0 0.0 0.761578193457
0.0 0.0 -0.241202271137 0.0 0.0 0.760182271133
0.0 0.0 -0.239724828311 0.0 0.0 0.758704828307
0.0 0.0 -0.238166179617 0.0 0.0 0.757146179614
0.0 0.0 -0.236526663312 0.0 0.0 0.755506663308
0.0 0.0 -0.234806642316 0.0 0.0 0.753786642312
0.0 0.0 -0.233006505339 0.0 0.0 0.751986505336
0.0 0.0 -0.231126668084 0.0 0.0 0.75010666808
0.0 0.0 -0.229167574531 0.0 0.0 0.748147574527
0.0 0.0 -0.227129698322 0.0 0.0 0.746109698318
0.0 0.0 -0.225013544227 0.0 0.0 0.743993544223
0.0 0.0 -0.222819649721 0.0 0.0 0.741799649718
0.0 0.0 -0.220548586665 0.0 0.0 0.739528586661
0.0 0.0 -0.21820096309 0.0 0.0 0.737180963087
0.0 0.0 -0.215777425118 0.0 0.0 0.734757425114
0.0 0.0 -0.213278658991 0.0 0.0 0.732258658987
0.0 0.0 -0.210705393249 0.0 0.0 0.729685393245
0.0 0.0 -0.208058401045 0.0 0.0 0.727038401041
0.0 0.0 -0.205338502612 0.0 0.0 0.724318502609
0.0 0.0 -0.202546567896 0.0 0.0 0.721526567893
0.0 0.0 -0.199683519357 0.0 0.0 0.718663519353
0.0 0.0 -0.196750334956 0.0 0.0 0.715730334953
0.0 0.0 -0.193748051338 0.0 0.0 0.712728051334
0.0 0.0 -0.190677767215 0.0 0.0 0.709657767212
0.0 0.0 -0.187540646977 0.0 0.0 0.706520646974
0.0 0.0 -0.184337924525 0.0 0.0 0.703317924521
0.0 0.0 -0.181070907352 0.0 0.0 0.700050907348
0.0 0.0 -0.17774098088 0.0 0.0 0.696720980876
0.0 0.0 -0.174349613066 0.0 0.0 0.693329613062
0.0 0.0 -0.170898359284 0.0 0.0 0.68987835928
0.0 0.0 -0.167388867505 0.0 0.0 0.686368867501
0.0 0.0 -0.163822883773 0.0 0.0 0.682802883769
0.0 0.0 -0.160202257996 0.0 0.0 0.679182257992
0.0 0.0 -0.156528950049 0.0 0.0 0.675508950045
0.0 0.0 -0.152805036203 0.0 0.0 0.671785036199
0.0 0.0 -0.149032715868 0.0 0.0 0.668012715864
0.0 0.0 -0.145214318667 0.0 0.0 0.664194318663
0.0 0.0 -0.141352311808 0.0 0.0 0.660332311804
0.0 0.0 -0.137449307767 0.0 0.0 0.656429307763
0.0 0.0 -0.13350807224 0.0 0.0 0.652488072237
0.0 0.0 -0.129531532362 0.0 0.0 0.648511532358
0.0 0.0 -0.125522785129 0.0 0.0 0.644502785125
0.0 0.0 -0.121485106011 0.0 0.0 0.640465106007
0.0 0.0 -0.117421957678 0.0 0.0 0.636401957674
0.0 0.0 -0.113336998784 0.0 0.0 0.63231699878
0.0 0.0 -0.109234092728 0.0 0.0 0.628214092724
0.0 0.0 -0.105117316297 0.0 0.0 0.624097316293
0.0 0.0 -0.100990968094 0.0 0.0 0.61997096809
0.0 0.0 -0.0968595766127 0.0 0.0 0.615839576609
0.0 0.0 -0.0927279078261 0.0 0.0 0.611707907822
0.0 0.0 -0.0886009721317 0.0 0.0 0.607580972128
0.0 0.0 -0.0844840304715 0.0 0.0 0.603464030468
0.0 0.0 -0.0803825994324 0.0 0.0 0.599362599428
0.0 0.0 -0.0763024551097 0.0 0.0 0.595282455106
0.0 0.0 -0.0722496354984 0.0 0.0 0.591229635494
0.0 0.0 -0.0682304411577 0.0 0.0 0.587210441154
0.0 0.0 -0.0642514338767 0.0 0.0 0.583231433873
0.0 0.0 -0.0603194330528 0.0 0.0 0.579299433049
0.0 0.0 -0.0564415094827 0.0 0.0 0.575421509479
0.0 0.0 -0.0526249762546 0.0 0.0 0.571604976251
0.0 0.0 -0.0488773764284 0.0 0.0 0.567857376424
0.0 0.0 -0.0452064671898 0.0 0.0 0.564186467186
0.0 0.0 -0.0416202001787 0.0 0.0 0.560600200175
0.0 0.0 -0.0381266977089 0.0 0.0 0.557106697705
0.0 0.0 -0.0347342246319 0.0 0.0 0.553714224628
0.0 0.0 -0.0314511556406 0.0 0.0 0.550431155637
0.0 0.0 -0.0282859378757 0.0 0.0 0.547265937872
0.0 0.0 -0.025247048771 0.0 0.0 0.544227048767
0.0 0.0 -0.0223429491775 0.0 0.0 0.541322949173
0.0 0.0 -0.0195820319187 0.0 0.0 0.538562031915
0.0 0.0 -0.0169725660627 0.0 0.0 0.535952566059
0.0 0.0 -0.0145226373503 0.0 0.0 0.533502637346
0.0 0.0 -0.0122400853717 0.0 0.0 0.531220085368
0.0 0.0 -0.0101324382578 0.0 0.0 0.529112438254
0.0 0.0 -0.00820684581272 0.0 0.0 0.527186845809
0.0 0.0 -0.00647001217283 0.0 0.0 0.525450012169
0.0 0.0 -0.00492812921369 0.0 0.0 0.52390812921
0.0 0.0 -0.00358681203385 0.0 0.0 0.52256681203
0.0 0.0 -0.00245103791305 0.0 0.0 0.521431037909
0.0 0.0 -0.00152509016277 0.0 0.0 0.520505090159
0.0 0.0 -0.000812508252905 0.0 0.0 0.519792508249
0.0 0.0 -0.00031604550546 0.0 0.0 0.519296045501
0.0 0.0 -3.76354951699e-05 0.0 0.0 0.519017635491
0.0 0.0 2.16319092181e-05 0.0 0.0 0.518958368087
0.0 0.0 -0.00013847581812 0.0 0.0 0.519118475814
0.0 0.0 -0.000517330938227 0.0 0.0 0.519497330934
0.0 0.0 -0.00111345332537 0.0 0.0 0.520093453321
0.0 0.0 -0.00192452891671 0.0 0.0 0.520904528912
0.0 0.0 -0.00294743820454 0.0 0.0 0.5219274382
0.0 0.0 -0.00417829396858 0.0 0.0 0.523158293964
0.0 0.0 -0.00561248721362 0.0 0.0 0.524592487209
0.0 0.0 -0.00724474009579 0.0 0.0 0.526224740092
0.0 0.0 -0.00906916449674 0.0 0.0 0.528049164492
0.0 0.0 -0.011079324839 0.0 0.0 0.530059324835
0.0 0.0 -0.0132683037276 0.0 0.0 0.532248303723
0.0 0.0 -0.0156287690462 0.0 0.0 0.534608769042
0.0 0.0 -0.0181530412245 0.0 0.0 0.53713304122
0.0 0.0 -0.0208331595146 0.0 0.0 0.53981315951
0.0 0.0 -0.0236609462623 0.0 0.0 0.542640946258
0.0 0.0 -0.0266280683199 0.0 0.0 0.545608068316
0.0 0.0 -0.0297260949153 0.0 0.0 0.548706094911
0.0 0.0 -0.0329465514549 0.0 0.0 0.551926551451
0.0 0.0 -0.0362809688948 0.0 0.0 0.55526096889
0.0 0.0 -0.0397209284579 0.0 0.0 0.558700928454
0.0 0.0 -0.0432581015975 0.0 0.0 0.562238101593
0.0 0.0 -0.0468842852185 0.0 0.0 0.565864285214
0.0 0.0 -0.0505914322554 0.0 0.0 0.569571432251
0.0 0.0 -0.0543716777774 0.0 0.0 0.573351677773
0.0 0.0 -0.0582173608465 0.0 0.0 0.577197360842
0.0 0.0 -0.0621210423939 0.0 0.0 0.58110104239
0.0 0.0 -0.0660755194058 0.0 0.0 0.585055519401
0.0 0.0 -0.0700738357275 0.0 0.0 0.589053835723
0.0 0.0 -0.0741092897995 0.0 0.0 0.593089289795
0.0 0.0 -0.078175439639 0.0 0.0 0.597155439635
0.0 0.0 -0.0822661053724 0.0 0.0 0.601246105368
0.0 0.0 -0.0863753696165 0.0 0.0 0.605355369612
0.0 0.0 -0.090497575987 0.0 0.0 0.609477575983
0.0 0.0 -0.0946273259995 0.0 0.0 0.613607325995
0.0 0.0 -0.0987594746095 0.0 0.0 0.617739474605
0.0 0.0 -0.102889124617 0.0 0.0 0.621869124613
0.0 0.0 -0.107011620146 0.0 0.0 0.625991620142
0.0 0.0 -0.11112253938 0.0 0.0 0.630102539375
0.0 0.0 -0.11521768673 0.0 0.0 0.634197686725
0.0 0.0 -0.119293084584 0.0 0.0 0.63827308458
0.0 0.0 -0.123344964768 0.0 0.0 0.642324964764
0.0 0.0 -0.12736975983 0.0 0.0 0.646349759826
0.0 0.0 -0.131364094262 0.0 0.0 0.650344094258
0.0 0.0 -0.135324775732 0.0 0.0 0.654304775728
0.0 0.0 -0.139248786403 0.0 0.0 0.658228786399
0.0 0.0 -0.143133274404 0.0 0.0 0.6621132744
0.0 0.0 -0.146975545492 0.0 0.0 0.665955545487
0.0 0.0 -0.150773054956 0.0 0.0 0.669753054951
0.0 0.0 -0.154523399784 0.0 0.0 0.673503399779
0.0 0.0 -0.158224311121 0.0 0.0 0.677204311116
0.0 0.0 -0.161873647033 0.0 0.0 0.680853647029
0.0 0.0 -0.165469385587 0.0 0.0 0.684449385582
0.0 0.0 -0.169009618246 0.0 0.0 0.687989618242
0.0 0.0 -0.172492543599 0.0 0.0 0.691472543595
0.0 0.0 -0.175916461394 0.0 0.0 0.694896461389
0.0 0.0 -0.179279766895 0.0 0.0 0.698259766891
0.0 0.0 -0.182580945549 0.0 0.0 0.701560945545
0.0 0.0 -0.185818567937 0.0 0.0 0.704798567932
0.0 0.0 -0.188991285022 0.0 0.0 0.707971285018
0.0 0.0 -0.192097823671 0.0 0.0 0.711077823667
0.0 0.0 -0.195136982436 0.0 0.0 0.714116982432
0.0 0.0 -0.198107627587 0.0 0.0 0.717087627582
0.0 0.0 -0.201008689383 0.0 0.0 0.719988689378
0.0 0.0 -0.20383915857 0.0 0.0 0.722819158566
0.0 0.0 -0.206598083089 0.0 0.0 0.725578083084
0.0 0.0 -0.209284564984 0.0 0.0 0.72826456498
0.0 0.0 -0.211897757506 0.0 0.0 0.730877757501
0.0 0.0 -0.214436862383 0.0 0.0 0.733416862378
0.0 0.0 -0.216901127274 0.0 0.0 0.735881127269
0.0 0.0 -0.219289843364 0.0 0.0 0.738269843359
0.0 0.0 -0.22160234312 0.0 0.0 0.740582343116
0.0 0.0 -0.22383799818 0.0 0.0 0.742817998175
0.0 0.0 -0.225996217372 0.0 0.0 0.744976217367
0.0 0.0 -0.228076444862 0.0 0.0 0.747056444857
0.0 0.0 -0.230078158414 0.0 0.0 0.749058158409
0.0 0.0 -0.23200086776 0.0 0.0 0.750980867755
0.0 0.0 -0.233844113072 0.0 0.0 0.752824113067
0.0 0.0 -0.235607463538 0.0 0.0 0.754587463533
0.0 0.0 -0.237290516021 0.0 0.0 0.756270516016
0.0 0.0 -0.238892893813 0.0 0.0 0.757872893809
0.0 0.0 -0.240414245469 0.0 0.0 0.759394245464
0.0 0.0 -0.241854243718 0.0 0.0 0.760834243713
0.0 0.0 -0.243212584455 0.0 0.0 0.76219258445
0.0 0.0 -0.244488985799 0.0 0.0 0.763468985794
0.0 0.0 -0.245683187223 0.0 0.0 0.764663187218
0.0 0.0 -0.246794948748 0.0 0.0 0.765774948744
0.0 0.0 -0.247824050205 0.0 0.0 0.7668040502
0.0 0.0 -0.248770290547 0.0 0.0 0.767750290542
0.0 0.0 -0.249633487234 0.0 0.0 0.768613487229
0.0 0.0 -0.250413475665 0.0 0.0 0.76939347566
0.0 0.0 -0.251110108667 0.0 0.0 0.770090108662
0.0 0.0 -0.251723256043 0.0 0.0 0.770703256038
0.0 0.0 -0.252252804161 0.0 0.0 0.771232804157
0.0 0.0 -0.252698655611 0.0 0.0 0.771678655606
0.0 0.0 -0.253060728892 0.0 0.0 0.772040728888
0.0 0.0 -0.253338958169 0.0 0.0 0.772318958164
0.0 0.0 -0.253533293059 0.0 0.0 0.772513293054
0.0 0.0 -0.253643698481 0.0 0.0 0.772623698476
0.0 0.0 -0.253670154544 0.0 0.0 0.77265015454
0.0 0.0 -0.253612656487 0.0 0.0 0.772592656483
0.0 0.0 -0.253471214661 0.0 0.0 0.772451214657
0.0 0.0 -0.253245854565 0.0 0.0 0.77222585456
0.0 0.0 -0.25293661692 0.0 0.0 0.771916616915
0.0 0.0 -0.252543557803 0.0 0.0 0.771523557798
0.0 0.0 -0.252066748815 0.0 0.0 0.77104674881
0.0 0.0 -0.251506277308 0.0 0.0 0.770486277303
0.0 0.0 -0.250862246651 0.0 0.0 0.769842246646
0.0 0.0 -0.250134776558 0.0 0.0 0.769114776554
0.0 0.0 -0.249324003454 0.0 0.0 0.768304003449
0.0 0.0 -0.248430080898 0.0 0.0 0.767410080893
0.0 0.0 -0.247453180064 0.0 0.0 0.766433180059
0.0 0.0 -0.246393490265 0.0 0.0 0.76537349026
0.0 0.0 -0.245251219542 0.0 0.0 0.764231219537
0.0 0.0 -0.244026595307 0.0 0.0 0.763006595303
0.0 0.0 -0.242719865048 0.0 0.0 0.761699865044
0.0 0.0 -0.24133129709 0.0 0.0 0.760311297085
0.0 0.0 -0.239861181426 0.0 0.0 0.758841181421
0.0 0.0 -0.238309830613 0.0 0.0 0.757289830608
0.0 0.0 -0.23667758074 0.0 0.0 0.755657580735
0.0 0.0 -0.234964792461 0.0 0.0 0.753944792456
0.0 0.0 -0.233171852116 0.0 0.0 0.752151852111
0.0 0.0 -0.231299172927 0.0 0.0 0.750279172922
0.0 0.0 -0.229347196272 0.0 0.0 0.748327196267
0.0 0.0 -0.227316393064 0.0 0.0 0.746296393059
0.0 0.0 -0.225207265207 0.0 0.0 0.744187265202
0.0 0.0 -0.223020347166 0.0 0.0 0.742000347161
0.0 0.0 -0.220756207632 0.0 0.0 0.739736207627
0.0 0.0 -0.218415451305 0.0 0.0 0.7373954513
0.0 0.0 -0.215998720794 0.0 0.0 0.734978720789
0.0 0.0 -0.213506698643 0.0 0.0 0.732486698638
0.0 0.0 -0.210940109491 0.0 0.0 0.729920109486
0.0 0.0 -0.208299722375 0.0 0.0 0.72727972237
0.0 0.0 -0.205586353185 0.0 0.0 0.72456635318
0.0 0.0 -0.202800867277 0.0 0.0 0.721780867272
0.0 0.0 -0.199944182265 0.0 0.0 0.71892418226
0.0 0.0 -0.197017270985 0.0 0.0 0.71599727098
0.0 0.0 -0.194021164663 0.0 0.0 0.713001164658
0.0 0.0 -0.190956956278 0.0 0.0 0.709936956273
0.0 0.0 -0.187825804153 0.0 0.0 0.706805804148
0.0 0.0 -0.184628935768 0.0 0.0 0.703608935763
0.0 0.0 -0.181367651815 0.0 0.0 0.70034765181
0.0 0.0 -0.178043330517 0.0 0.0 0.697023330512
0.0 0.0 -0.174657432203 0.0 0.0 0.693637432198
0.0 0.0 -0.171211504168 0.0 0.0 0.690191504163
0.0 0.0 -0.167707185827 0.0 0.0 0.686687185822
0.0 0.0 -0.164146214162 0.0 0.0 0.683126214157
0.0 0.0 -0.160530429484 0.0 0.0 0.679510429479
0.0 0.0 -0.156861781508 0.0 0.0 0.675841781503
0.0 0.0 -0.153142335754 0.0 0.0 0.672122335748
0.0 0.0 -0.14937428026 0.0 0.0 0.668354280255
0.0 0.0 -0.145559932628 0.0 0.0 0.664539932623
0.0 0.0 -0.141701747369 0.0 0.0 0.660681747364
0.0 0.0 -0.137802323556 0.0 0.0 0.656782323551
0.0 0.0 -0.13386441276 0.0 0.0 0.652844412754
0.0 0.0 -0.129890927234 0.0 0.0 0.648870927229
0.0 0.0 -0.125884948334 0.0 0.0 0.644864948329
0.0 0.0 -0.121849735104 0.0 0.0 0.640829735099
0.0 0.0 -0.117788733 0.0 0.0 0.636768732995
0.0 0.0 -0.11370558267 0.0 0.0 0.632685582665
0.0 0.0 -0.109604128721 0.0 0.0 0.628584128716
0.0 0.0 -0.105488428381 0.0 0.0 0.624468428376
0.0 0.0 -0.101362759945 0.0 0.0 0.620342759939
0.0 0.0 -0.0972316308866 0.0 0.0 0.616211630881
0.0 0.0 -0.0930997855036 0.0 0.0 0.612079785498
0.0 0.0 -0.0889722119221 0.0 0.0 0.607952211917
0.0 0.0 -0.0848541483009 0.0 0.0 0.603834148296
0.0 0.0 -0.0807510880315 0.0 0.0 0.599731088026
0.0 0.0 -0.0766687837227 0.0 0.0 0.595648783717
0.0 0.0 -0.0726132497346 0.0 0.0 0.591593249729
0.0 0.0 -0.0685907630092 0.0 0.0 0.587570763004
0.0 0.0 -0.0646078619279 0.0 0.0 0.583587861923
0.0 0.0 -0.0606713429081 0.0 0.0 0.579651342903
0.0 0.0 -0.0567882544394 0.0 0.0 0.575768254434
0.0 0.0 -0.05296588825 0.0 0.0 0.571945888245
0.0 0.0 -0.0492117672885 0.0 0.0 0.568191767283
0.0 0.0 -0.0455336302087 0.0 0.0 0.564513630203
0.0 0.0 -0.0419394120539 0.0 0.0 0.560919412049
0.0 0.0 -0.0384372208575 0.0 0.0 0.557417220852
0.0 0.0 -0.0350353099077 0.0 0.0 0.554015309902
0.0 0.0 -0.0317420454692 0.0 0.0 0.550722045464
0.0 0.0 -0.0285658698156 0.0 0.0 0.54754586981
0.0 0.0 -0.0255152595041 0.0 0.0 0.544495259499
0.0 0.0 -0.0225986789199 0.0 0.0 0.541578678914
0.0 0.0 -0.0198245292326 0.0 0.0 0.538804529227
0.0 0.0 -0.01720109304 0.0 0.0 0.536181093035
0.0 0.0 -0.0147364751186 0.0 0.0 0.533716475113
0.0 0.0 -0.0124385398653 0.0 0.0 0.53141853986
0.0 0.0 -0.0103148461766 0.0 0.0 0.529294846171
0.0 0.0 -0.008372580679 0.0 0.0 0.527352580674
0.0 0.0 -0.00661849038293 0.0 0.0 0.525598490378
0.0 0.0 -0.00505881596899 0.0 0.0 0.524038815964
0.0 0.0 -0.00369922702823 0.0 0.0 0.522679227023
0.0 0.0 -0.00254476064945 0.0 0.0 0.521524760644
0.0 0.0 -0.00159976477163 0.0 0.0 0.520579764766
0.0 0.0 -0.000867847690814 0.0 0.0 0.519847847685
0.0 0.0 -0.000351835023217 0.0 0.0 0.519331835018
0.0 0.0 -5.37352802023e-05 0.0 0.0 0.519033735275
0.0 0.0 2.528499038e-05 0.0 0.0 0.518954715004
0.0 0.0 -0.000115084208969 0.0 0.0 0.519095084203
0.0 0.0 -0.000474292430651 0.0 0.0 0.519454292425
0.0 0.0 -0.00105093569234 0.0 0.0 0.520030935687
0.0 0.0 -0.00184277399217 0.0 0.0 0.520822773987
0.0 0.0 -0.00284675892586 0.0 0.0 0.52182675892
0.0 0.0 -0.00405907062637 0.0 0.0 0.523039070621
0.0 0.0 -0.00547516301023 0.0 0.0 0.524455163005
0.0 0.0 -0.00708981612816 0.0 0.0 0.526069816123
0.0 0.0 -0.00889719428776 0.0 0.0 0.527877194282
0.0 0.0 -0.0108909085453 0.0 0.0 0.52987090854
0.0 0.0 -0.0130640821498 0.0 0.0 0.532044082144
0.0 0.0 -0.0154094175628 0.0 0.0 0.534389417557
0.0 0.0 -0.0179192637598 0.0 0.0 0.536899263754
0.0 0.0 -0.0205856826394 0.0 0.0 0.539565682634
0.0 0.0 -0.0234005135128 0.0 0.0 0.542380513507
0.0 0.0 -0.0263554348049 0.0 0.0 0.545335434799
0.0 0.0 -0.0294420222656 0.0 0.0 0.54842202226
0.0 0.0 -0.0326518031562 0.0 0.0 0.55163180315
0.0 0.0 -0.0359763060311 0.0 0.0 0.554956306025
0.0 0.0 -0.0394071058795 0.0 0.0 0.558387105874
0.0 0.0 -0.0429358645177 0.0 0.0 0.561915864512
0.0 0.0 -0.0465543662349 0.0 0.0 0.565534366229
0.0 0.0 -0.0502545487829 0.0 0.0 0.569234548777
0.0 0.0 -0.0540285298756 0.0 0.0 0.57300852987
0.0 0.0 -0.0578686294191 0.0 0.0 0.576848629413
0.0 0.0 -0.0617673877345 0.0 0.0 0.580747387729
0.0 0.0 -0.065717580064 0.0 0.0 0.584697580058
0.0 0.0 -0.0697122276668 0.0 0.0 0.588692227661
0.0 0.0 -0.0737446058181 0.0 0.0 0.592724605812
0.0 0.0 -0.0778082490256 0.0 0.0 0.59678824902
0.0 0.0 -0.0818969537716 0.0 0.0 0.600876953766
0.0 0.0 -0.0860047790744 0.0 0.0 0.604984779069
0.0 0.0 -0.0901260451554 0.0 0.0 0.60910604515
0.0 0.0 -0.0942553304745 0.0 0.0 0.613235330469
0.0 0.0 -0.0983874673824 0.0 0.0 0.617367467377
0.0 0.0 -0.10251753662 0.0 0.0 0.621497536614
0.0 0.0 -0.106640860869 0.0 0.0 0.625620860863
0.0 0.0 -0.110752997555 0.0 0.0 0.629732997549
0.0 0.0 -0.114849731053 0.0 0.0 0.633829731047
0.0 0.0 -0.118927064472 0.0 0.0 0.637907064466
0.0 0.0 -0.122981211136 0.0 0.0 0.64196121113
0.0 0.0 -0.12700858588 0.0 0.0 0.645988585874
0.0 0.0 -0.131005796274 0.0 0.0 0.649985796268
0.0 0.0 -0.134969633852 0.0 0.0 0.653949633846
0.0 0.0 -0.138897065418 0.0 0.0 0.657877065412
0.0 0.0 -0.142785224502 0.0 0.0 0.661765224496
0.0 0.0 -0.146631403006 0.0 0.0 0.665611403
0.0 0.0 -0.150433043079 0.0 0.0 0.669413043073
0.0 0.0 -0.154187729267 0.0 0.0 0.673167729261
0.0 0.0 -0.157893180935 0.0 0.0 0.676873180929
0.0 0.0 -0.161547245012 0.0 0.0 0.680527245006
0.0 0.0 -0.165147889033 0.0 0.0 0.684127889027
0.0 0.0 -0.168693194517 0.0 0.0 0.687673194511
0.0 0.0 -0.172181350654 0.0 0.0 0.691161350647
0.0 0.0 -0.175610648319 0.0 0.0 0.694590648313
0.0 0.0 -0.178979474404 0.0 0.0 0.697959474398
0.0 0.0 -0.182286306443 0.0 0.0 0.701266306436
0.0 0.0 -0.185529707552 0.0 0.0 0.704509707545
0.0 0.0 -0.188708321644 0.0 0.0 0.707688321638
0.0 0.0 -0.191820868931 0.0 0.0 0.710800868924
0.0 0.0 -0.194866141674 0.0 0.0 0.713846141667
0.0 0.0 -0.197843000203 0.0 0.0 0.716823000196
0.0 0.0 -0.200750369163 0.0 0.0 0.719730369157
0.0 0.0 -0.203587233992 0.0 0.0 0.722567233986
0.0 0.0 -0.206352637611 0.0 0.0 0.725332637605
0.0 0.0 -0.209045677315 0.0 0.0 0.728025677308
0.0 0.0 -0.211665501856 0.0 0.0 0.730645501849
0.0 0.0 -0.214211308707 0.0 0.0 0.733191308701
0.0 0.0 -0.216682341491 0.0 0.0 0.735662341485
0.0 0.0 -0.21907788757 0.0 0.0 0.738057887563
0.0 0.0 -0.221397275781 0.0 0.0 0.740377275774
0.0 0.0 -0.223639874317 0.0 0.0 0.742619874311
0.0 0.0 -0.225805088738 0.0 0.0 0.744785088732
0.0 0.0 -0.227892360101 0.0 0.0 0.746872360094
0.0 0.0 -0.229901163212 0.0 0.0 0.748881163205
0.0 0.0 -0.231831004988 0.0 0.0 0.750811004982
0.0 0.0 -0.233681422923 0.0 0.0 0.752661422917
0.0 0.0 -0.235451983647 0.0 0.0 0.75443198364
0.0 0.0 -0.237142281584 0.0 0.0 0.756122281577
0.0 0.0 -0.238751937695 0.0 0.0 0.757731937688
0.0 0.0 -0.240280598306 0.0 0.0 0.759260598299
0.0 0.0 -0.241727934013 0.0 0.0 0.760707934006
0.0 0.0 -0.243093638664 0.0 0.0 0.762073638657
0.0 0.0 -0.244377428413 0.0 0.0 0.763357428407
0.0 0.0 -0.245579040847 0.0 0.0 0.76455904084
0.0 0.0 -0.246698234166 0.0 0.0 0.765678234159
0.0 0.0 -0.247734786446 0.0 0.0 0.766714786439
0.0 0.0 -0.248688494946 0.0 0.0 0.767668494939
0.0 0.0 -0.249559175483 0.0 0.0 0.768539175476
0.0 0.0 -0.250346661863 0.0 0.0 0.769326661856
0.0 0.0 -0.251050805363 0.0 0.0 0.770030805356
0.0 0.0 -0.251671474274 0.0 0.0 0.770651474267
0.0 0.0 -0.25220855349 0.0 0.0 0.771188553483
0.0 0.0 -0.252661944151 0.0 0.0 0.771641944144
0.0 0.0 -0.253031563337 0.0 0.0 0.77201156333
0.0 0.0 -0.25331734381 0.0 0.0 0.772297343803
0.0 0.0 -0.253519233803 0.0 0.0 0.772499233797
0.0 0.0 -0.253637196864 0.0 0.0 0.772617196857
0.0 0.0 -0.253671211737 0.0 0.0 0.77265121173
0.0 0.0 -0.253621272299 0.0 0.0 0.772601272292
0.0 0.0 -0.25348738754 0.0 0.0 0.772467387533
0.0 0.0 -0.253269581593 0.0 0.0 0.772249581586
0.0 0.0 -0.252967893804 0.0 0.0 0.771947893797
0.0 0.0 -0.252582378861 0.0 0.0 0.771562378855
0.0 0.0 -0.25211310696 0.0 0.0 0.771093106953
0.0 0.0 -0.251560164022 0.0 0.0 0.770540164015
0.0 0.0 -0.250923651964 0.0 0.0 0.769903651957
0.0 0.0 -0.250203689012 0.0 0.0 0.769183689006
0.0 0.0 -0.249400410071 0.0 0.0 0.768380410064
0.0 0.0 -0.248513967138 0.0 0.0 0.767493967132
0.0 0.0 -0.247544529781 0.0 0.0 0.766524529774
0.0 0.0 -0.246492285655 0.0 0.0 0.765472285649
0.0 0.0 -0.245357441092 0.0 0.0 0.764337441085
0.0 0.0 -0.24414022173 0.0 0.0 0.763120221723
0.0 0.0 -0.24284087322 0.0 0.0 0.761820873213
0.0 0.0 -0.241459661977 0.0 0.0 0.76043966197
0.0 0.0 -0.239996876007 0.0 0.0 0.758976876
0.0 0.0 -0.238452825799 0.0 0.0 0.757432825792
0.0 0.0 -0.23682784528 0.0 0.0 0.755807845273
0.0 0.0 -0.235122292849 0.0 0.0 0.754102292842
0.0 0.0 -0.233336552486 0.0 0.0 0.752316552479
0.0 0.0 -0.231471034939 0.0 0.0 0.750451034932
0.0 0.0 -0.229526178999 0.0 0.0 0.748506178992
0.0 0.0 -0.22750245286 0.0 0.0 0.746482452853
0.0 0.0 -0.225400355573 0.0 0.0 0.744380355566
0.0 0.0 -0.223220418605 0.0 0.0 0.742200418598
0.0 0.0 -0.220963207494 0.0 0.0 0.739943207487
0.0 0.0 -0.218629323622 0.0 0.0 0.737609323615
0.0 0.0 -0.216219406103 0.0 0.0 0.735199406096
0.0 0.0 -0.213734133801 0.0 0.0 0.732714133794
0.0 0.0 -0.211174227472 0.0 0.0 0.730154227464
0.0 0.0 -0.208540452056 0.0 0.0 0.727520452049
0.0 0.0 -0.205833619121 0.0 0.0 0.724813619114
0.0 0.0 -0.203054589459 0.0 0.0 0.722034589451
0.0 0.0 -0.200204275857 0.0 0.0 0.71918427585
0.0 0.0 -0.197283646056 0.0 0.0 0.716263646048
0.0 0.0 -0.194293725886 0.0 0.0 0.713273725879
0.0 0.0 -0.191235602627 0.0 0.0 0.71021560262
0.0 0.0 -0.188110428563 0.0 0.0 0.707090428556
0.0 0.0 -0.184919424786 0.0 0.0 0.703899424779
0.0 0.0 -0.181663885223 0.0 0.0 0.700643885216
0.0 0.0 -0.178345180933 0.0 0.0 0.697325180926
0.0 0.0 -0.174964764658 0.0 0.0 0.693944764651
0.0 0.0 -0.171524175657 0.0 0.0 0.690504175649
0.0 0.0 -0.168025044831 0.0 0.0 0.687005044824
0.0 0.0 -0.164469100147 0.0 0.0 0.683449100139
0.0 0.0 -0.160858172368 0.0 0.0 0.67983817236
0.0 0.0 -0.157194201102 0.0 0.0 0.676174201095
0.0 0.0 -0.153479241172 0.0 0.0 0.672459241164
0.0 0.0 -0.149715469302 0.0 0.0 0.668695469295
0.0 0.0 -0.145905191131 0.0 0.0 0.664885191124
0.0 0.0 -0.142050848535 0.0 0.0 0.661030848528
0.0 0.0 -0.138155027251 0.0 0.0 0.657135027243
0.0 0.0 -0.134220464786 0.0 0.0 0.653200464778
0.0 0.0 -0.130250058586 0.0 0.0 0.649230058579
0.0 0.0 -0.126246874432 0.0 0.0 0.645226874425
0.0 0.0 -0.122214155014 0.0 0.0 0.641194155006
0.0 0.0 -0.118155328645 0.0 0.0 0.637135328637
0.0 0.0 -0.114074018038 0.0 0.0 0.633054018031
0.0 0.0 -0.109974049082 0.0 0.0 0.628954049074
0.0 0.0 -0.105859459509 0.0 0.0 0.624839459501
0.0 0.0 -0.101734507371 0.0 0.0 0.620714507364
0.0 0.0 -0.0976036791906 0.0 0.0 0.616583679183
0.0 0.0 -0.0934716976424 0.0 0.0 0.612451697635
0.0 0.0 -0.0893435286326 0.0 0.0 0.608323528625
0.0 0.0 -0.0852243875789 0.0 0.0 0.604204387571
0.0 0.0 -0.08111974471 0.0 0.0 0.600099744702
0.0 0.0 -0.0770353291689 0.0 0.0 0.596015329161
0.0 0.0 -0.0729771316875 0.0 0.0 0.59195713168
0.0 0.0 -0.0689514055818 0.0 0.0 0.587931405574
0.0 0.0 -0.0649646657982 0.0 0.0 0.58394466579
0.0 0.0 -0.0610236857257 0.0 0.0 0.580003685718
0.0 0.0 -0.0571354914756 0.0 0.0 0.576115491468
0.0 0.0 -0.0533073533185 0.0 0.0 0.572287353311
0.0 0.0 -0.0495467739667 0.0 0.0 0.568526773959
0.0 0.0 -0.0458614733854 0.0 0.0 0.564841473378
0.0 0.0 -0.0422593698318 0.0 0.0 0.561239369824
0.0 0.0 -0.0387485568341 0.0 0.0 0.557728556826
0.0 0.0 -0.0353372758559 0.0 0.0 0.554317275848
0.0 0.0 -0.0320338844339 0.0 0.0 0.551013884426
0.0 0.0 -0.0288468196366 0.0 0.0 0.547826819629
0.0 0.0 -0.0257845567676 0.0 0.0 0.54476455676
0.0 0.0 -0.0228555633322 0.0 0.0 0.541835563324
0.0 0.0 -0.0200682483978 0.0 0.0 0.53904824839
0.0 0.0 -0.0174309076104 0.0 0.0 0.536410907602
0.0 0.0 -0.0149516642751 0.0 0.0 0.533931664267
0.0 0.0 -0.0126384070668 0.0 0.0 0.531618407059
0.0 0.0 -0.0104987251055 0.0 0.0 0.529478725097
0.0 0.0 -0.0085398412936 0.0 0.0 0.527519841286
0.0 0.0 -0.00676854497383 0.0 0.0 0.525748544966
0.0 0.0 -0.00519112510588 0.0 0.0 0.524171125098
0.0 0.0 -0.00381330527455 0.0 0.0 0.522793305266
0.0 0.0 -0.00264018191754 0.0 0.0 0.521620181909
0.0 0.0 -0.00167616719112 0.0 0.0 0.520656167183
0.0 0.0 -0.000924937867871 0.0 0.0 0.51990493786
0.0 0.0 -0.000389391578487 0.0 0.0 0.51936939157
0.0 0.0 -7.16115689772e-05 0.0 0.0 0.519051611561
0.0 0.0 2.71590522297e-05 0.0 0.0 0.51895284094
0.0 0.0 -9.34671523858e-05 0.0 0.0 0.519073467144
0.0 0.0 -0.00043301708274 0.0 0.0 0.519413017075
0.0 0.0 -0.000990163042231 0.0 0.0 0.519970163034
0.0 0.0 -0.00176273931438 0.0 0.0 0.520742739306
0.0 0.0 -0.00274776889846 0.0 0.0 0.52172776889
0.0 0.0 -0.00394149964824 0.0 0.0 0.52292149964
0.0 0.0 -0.00533944881728 0.0 0.0 0.524319448809
0.0 0.0 -0.00693645482299 0.0 0.0 0.525916454815
0.0 0.0 -0.00872673490645 0.0 0.0 0.527706734898
0.0 0.0 -0.010703947289 0.0 0.0 0.529683947281
