0.0 0.0 0.0 0.0 0.0 0.7414
0.0 0.0 1.58589033366e-05 0.0 0.0 0.741384141097
0.0 0.0 4.75609378118e-05 0.0 0.0 0.741352439062
0.0 0.0 9.50745656661e-05 0.0 0.0 0.741304925434
0.0 0.0 0.000158352496886 0.0 0.0 0.741241647503
0.0 0.0 0.000237331709233 0.0 0.0 0.741162668291
0.0 0.0 0.000331933475097 0.0 0.0 0.741068066525
0.0 0.0 0.000442063395268 0.0 0.0 0.740957936605
0.0 0.0 0.000567611439808 0.0 0.0 0.74083238856
0.0 0.0 0.000708451996159 0.0 0.0 0.740691548004
0.0 0.0 0.000864443924724 0.0 0.0 0.740535556075
0.0 0.0 0.00103543062214 0.0 0.0 0.740364569378
0.0 0.0 0.00122124009248 0.0 0.0 0.740178759908
0.0 0.0 0.00142168502675 0.0 0.0 0.739978314973
0.0 0.0 0.00163656289085 0.0 0.0 0.739763437109
0.0 0.0 0.0018656560225 0.0 0.0 0.739534343977
0.0 0.0 0.00210873173736 0.0 0.0 0.739291268263
0.0 0.0 0.00236554244482 0.0 0.0 0.739034457555
0.0 0.0 0.00263582577383 0.0 0.0 0.738764174226
0.0 0.0 0.00291930470916 0.0 0.0 0.738480695291
0.0 0.0 0.00321568773862 0.0 0.0 0.738184312261
0.0 0.0 0.00352466901166 0.0 0.0 0.737875330988
0.0 0.0 0.00384592850981 0.0 0.0 0.73755407149
0.0 0.0 0.00417913222952 0.0 0.0 0.73722086777
0.0 0.0 0.00452393237784 0.0 0.0 0.736876067622
0.0 0.0 0.00487996758152 0.0 0.0 0.736520032418
0.0 0.0 0.00524686311007 0.0 0.0 0.73615313689
0.0 0.0 0.00562423111318 0.0 0.0 0.735775768887
0.0 0.0 0.00601167087326 0.0 0.0 0.735388329127
0.0 0.0 0.00640876907343 0.0 0.0 0.734991230927
0.0 0.0 0.00681510008162 0.0 0.0 0.734584899918
0.0 0.0 0.0072302262513 0.0 0.0 0.734169773749
0.0 0.0 0.00765369823929 0.0 0.0 0.733746301761
0.0 0.0 0.00808505534123 0.0 0.0 0.733314944659
0.0 0.0 0.0085238258452 0.0 0.0 0.732876174155
0.0 0.0 0.00896952740386 0.0 0.0 0.732430472596
0.0 0.0 0.00942166742574 0.0 0.0 0.731978332574
0.0 0.0 0.00987974348591 0.0 0.0 0.731520256514
0.0 0.0 0.0103432437565 0.0 0.0 0.731056756243
0.0 0.0 0.0108116474575 0.0 0.0 0.730588352543
0.0 0.0 0.0112844253278 0.0 0.0 0.730115574672
0.0 0.0 0.0117610401173 0.0 0.0 0.729638959883
0.0 0.0 0.0122409470999 0.0 0.0 0.7291590529
0.0 0.0 0.0127235946071 0.0 0.0 0.728676405393
0.0 0.0 0.0132084245835 0.0 0.0 0.728191575416
0.0 0.0 0.013694873163 0.0 0.0 0.727705126837
0.0 0.0 0.0141823712661 0.0 0.0 0.727217628734
0.0 0.0 0.0146703452186 0.0 0.0 0.726729654781
0.0 0.0 0.0151582173904 0.0 0.0 0.72624178261
0.0 0.0 0.0156454068551 0.0 0.0 0.725754593145
0.0 0.0 0.0161313300701 0.0 0.0 0.72526866993
0.0 0.0 0.0166154015752 0.0 0.0 0.724784598425
0.0 0.0 0.017097034711 0.0 0.0 0.724302965289
0.0 0.0 0.0175756423552 0.0 0.0 0.723824357645
0.0 0.0 0.0180506376766 0.0 0.0 0.723349362323
0.0 0.0 0.0185214349051 0.0 0.0 0.722878565095
0.0 0.0 0.0189874501177 0.0 0.0 0.722412549882
0.0 0.0 0.0194481020392 0.0 0.0 0.721951897961
0.0 0.0 0.0199028128548 0.0 0.0 0.721497187145
0.0 0.0 0.0203510090359 0.0 0.0 0.721048990964
0.0 0.0 0.0207921221751 0.0 0.0 0.720607877825
0.0 0.0 0.0212255898308 0.0 0.0 0.720174410169
0.0 0.0 0.0216508563783 0.0 0.0 0.719749143622
0.0 0.0 0.0220673738662 0.0 0.0 0.719332626134
0.0 0.0 0.0224746028766 0.0 0.0 0.718925397123
0.0 0.0 0.0228720133858 0.0 0.0 0.718527986614
0.0 0.0 0.0232590856257 0.0 0.0 0.718140914374
0.0 0.0 0.0236353109407 0.0 0.0 0.717764689059
0.0 0.0 0.024000192641 0.0 0.0 0.717399807359
0.0 0.0 0.0243532468476 0.0 0.0 0.717046753152
0.0 0.0 0.024694003328 0.0 0.0 0.716705996672
0.0 0.0 0.0250220063197 0.0 0.0 0.71637799368
0.0 0.0 0.025336815339 0.0 0.0 0.716063184661
0.0 0.0 0.0256380059731 0.0 0.0 0.715761994027
0.0 0.0 0.0259251706523 0.0 0.0 0.715474829348
0.0 0.0 0.0261979194007 0.0 0.0 0.715202080599
0.0 0.0 0.0264558805625 0.0 0.0 0.714944119437
0.0 0.0 0.0266987015007 0.0 0.0 0.714701298499
0.0 0.0 0.026926049268 0.0 0.0 0.714473950732
0.0 0.0 0.0271376112446 0.0 0.0 0.714262388755
0.0 0.0 0.0273330957438 0.0 0.0 0.714066904256
0.0 0.0 0.0275122325802 0.0 0.0 0.71388776742
0.0 0.0 0.0276747736012 0.0 0.0 0.713725226399
0.0 0.0 0.0278204931775 0.0 0.0 0.713579506822
0.0 0.0 0.0279491886527 0.0 0.0 0.713450811347
0.0 0.0 0.0280606807485 0.0 0.0 0.713339319251
0.0 0.0 0.0281548139257 0.0 0.0 0.713245186074
0.0 0.0 0.0282314566986 0.0 0.0 0.713168543301
0.0 0.0 0.0282905019013 0.0 0.0 0.713109498099
0.0 0.0 0.0283318669059 0.0 0.0 0.713068133094
0.0 0.0 0.028355493791 0.0 0.0 0.713044506209
0.0 0.0 0.0283613494601 0.0 0.0 0.71303865054
0.0 0.0 0.028349425709 0.0 0.0 0.713050574291
0.0 0.0 0.0283197392429 0.0 0.0 0.713080260757
0.0 0.0 0.0282723316421 0.0 0.0 0.713127668358
0.0 0.0 0.0282072692769 0.0 0.0 0.713192730723
0.0 0.0 0.0281246431724 0.0 0.0 0.713275356827
0.0 0.0 0.0280245688226 0.0 0.0 0.713375431177
0.0 0.0 0.0279071859558 0.0 0.0 0.713492814044
0.0 0.0 0.0277726582519 0.0 0.0 0.713627341748
0.0 0.0 0.0276211730117 0.0 0.0 0.713778826988
0.0 0.0 0.0274529407809 0.0 0.0 0.713947059219
0.0 0.0 0.0272681949293 0.0 0.0 0.714131805071
0.0 0.0 0.0270671911874 0.0 0.0 0.714332808813
0.0 0.0 0.0268502071411 0.0 0.0 0.714549792859
0.0 0.0 0.0266175416884 0.0 0.0 0.714782458312
0.0 0.0 0.026369514457 0.0 0.0 0.715030485543
0.0 0.0 0.0261064651885 0.0 0.0 0.715293534811
0.0 0.0 0.0258287530884 0.0 0.0 0.715571246911
0.0 0.0 0.025536756146 0.0 0.0 0.715863243854
0.0 0.0 0.0252308704252 0.0 0.0 0.716169129575
0.0 0.0 0.0249115093304 0.0 0.0 0.716488490669
0.0 0.0 0.0245791028478 0.0 0.0 0.716820897152
0.0 0.0 0.0242340967663 0.0 0.0 0.717165903234
0.0 0.0 0.023876951879 0.0 0.0 0.717523048121
0.0 0.0 0.0235081431698 0.0 0.0 0.71789185683
0.0 0.0 0.0231281589849 0.0 0.0 0.718271841015
0.0 0.0 0.0227375001939 0.0 0.0 0.718662499806
0.0 0.0 0.0223366793415 0.0 0.0 0.719063320658
0.0 0.0 0.021926219793 0.0 0.0 0.719473780207
0.0 0.0 0.0215066548756 0.0 0.0 0.719893345124
0.0 0.0 0.0210785270166 0.0 0.0 0.720321472983
0.0 0.0 0.0206423868832 0.0 0.0 0.720757613117
0.0 0.0 0.020198792523 0.0 0.0 0.721201207477
0.0 0.0 0.0197483085092 0.0 0.0 0.721651691491
0.0 0.0 0.0192915050919 0.0 0.0 0.722108494908
0.0 0.0 0.0188289573559 0.0 0.0 0.722571042644
0.0 0.0 0.0183612443895 0.0 0.0 0.72303875561
0.0 0.0 0.0178889484625 0.0 0.0 0.723511051537
0.0 0.0 0.0174126542177 0.0 0.0 0.723987345782
0.0 0.0 0.0169329478748 0.0 0.0 0.724467052125
0.0 0.0 0.0164504164502 0.0 0.0 0.72494958355
0.0 0.0 0.0159656469921 0.0 0.0 0.725434353008
0.0 0.0 0.0154792258325 0.0 0.0 0.725920774167
0.0 0.0 0.0149917378568 0.0 0.0 0.726408262143
0.0 0.0 0.0145037657922 0.0 0.0 0.726896234208
0.0 0.0 0.0140158895154 0.0 0.0 0.727384110484
0.0 0.0 0.0135286853793 0.0 0.0 0.72787131462
0.0 0.0 0.0130427255607 0.0 0.0 0.728357274439
0.0 0.0 0.012558577428 0.0 0.0 0.728841422572
0.0 0.0 0.0120768029299 0.0 0.0 0.72932319707
0.0 0.0 0.0115979580056 0.0 0.0 0.729802041994
0.0 0.0 0.0111225920153 0.0 0.0 0.730277407985
0.0 0.0 0.0106512471921 0.0 0.0 0.730748752808
0.0 0.0 0.0101844581159 0.0 0.0 0.731215541884
0.0 0.0 0.00972275120711 0.0 0.0 0.731677248793
0.0 0.0 0.00926664424208 0.0 0.0 0.732133355758
0.0 0.0 0.00881664588875 0.0 0.0 0.732583354111
0.0 0.0 0.00837325526297 0.0 0.0 0.733026744737
0.0 0.0 0.00793696150473 0.0 0.0 0.733463038495
0.0 0.0 0.00750824337416 0.0 0.0 0.733891756626
0.0 0.0 0.00708756886682 0.0 0.0 0.734312431133
0.0 0.0 0.00667539484795 0.0 0.0 0.734724605152
0.0 0.0 0.0062721667051 0.0 0.0 0.735127833295
0.0 0.0 0.00587831801871 0.0 0.0 0.735521681981
0.0 0.0 0.00549427025022 0.0 0.0 0.73590572975
0.0 0.0 0.00512043244707 0.0 0.0 0.736279567553
0.0 0.0 0.00475720096417 0.0 0.0 0.736642799036
0.0 0.0 0.00440495920119 0.0 0.0 0.736995040799
0.0 0.0 0.00406407735534 0.0 0.0 0.737335922644
0.0 0.0 0.00373491218881 0.0 0.0 0.737665087811
0.0 0.0 0.00341780681057 0.0 0.0 0.737982193189
0.0 0.0 0.00311309047195 0.0 0.0 0.738286909528
0.0 0.0 0.00282107837536 0.0 0.0 0.738578921624
0.0 0.0 0.00254207149575 0.0 0.0 0.738857928504
0.0 0.0 0.00227635641425 0.0 0.0 0.739123643586
0.0 0.0 0.00202420516353 0.0 0.0 0.739375794836
0.0 0.0 0.00178587508438 0.0 0.0 0.739614124915
0.0 0.0 0.00156160869303 0.0 0.0 0.739838391307
0.0 0.0 0.00135163355881 0.0 0.0 0.740048366441
0.0 0.0 0.00115616219171 0.0 0.0 0.740243837808
0.0 0.0 0.000975391939426 0.0 0.0 0.74042460806
0.0 0.0 0.00080950489356 0.0 0.0 0.740590495106
0.0 0.0 0.000658667804549 0.0 0.0 0.740741332195
0.0 0.0 0.000523032005061 0.0 0.0 0.740876967995
0.0 0.0 0.000402733341516 0.0 0.0 0.740997266658
0.0 0.0 0.000297892113473 0.0 0.0 0.741102107886
0.0 0.0 0.000208613020623 0.0 0.0 0.741191386979
0.0 0.0 0.00013498511717 0.0 0.0 0.741265014883
0.0 0.0 7.70817734062e-05 0.0 0.0 0.741322918226
0.0 0.0 3.49606443092e-05 0.0 0.0 0.741365039355
0.0 0.0 8.66364503637e-06 0.0 0.0 0.741391336355
0.0 0.0 -1.78306680412e-06 0.0 0.0 0.741401783067
0.0 0.0 3.63089782194e-06 0.0 0.0 0.741396369102
0.0 0.0 2.49001550044e-05 0.0 0.0 0.741375099845
0.0 0.0 6.20035501536e-05 0.0 0.0 0.74133799645
0.0 0.0 0.000114904166909 0.0 0.0 0.741285095833
0.0 0.0 0.000183549342732 0.0 0.0 0.741216450657
0.0 0.0 0.000267870691255 0.0 0.0 0.741132129308
0.0 0.0 0.000367784131477 0.0 0.0 0.741032215868
0.0 0.0 0.000483189923948 0.0 0.0 0.740916810076
0.0 0.0 0.000613972714082 0.0 0.0 0.740786027286
0.0 0.0 0.000760001582798 0.0 0.0 0.740639998417
0.0 0.0 0.000921130104694 0.0 0.0 0.740478869895
0.0 0.0 0.001097196414 0.0 0.0 0.740302803586
0.0 0.0 0.00128802327857 0.0 0.0 0.740111976721
0.0 0.0 0.00149341818225 0.0 0.0 0.739906581817
0.0 0.0 0.00171317341583 0.0 0.0 0.739686826584
0.0 0.0 0.00194706617709 0.0 0.0 0.739452933823
0.0 0.0 0.00219485868019 0.0 0.0 0.73920514132
0.0 0.0 0.00245629827479 0.0 0.0 0.738943701725
0.0 0.0 0.00273111757543 0.0 0.0 0.738668882424
0.0 0.0 0.00301903460149 0.0 0.0 0.738380965398
0.0 0.0 0.0033197529282 0.0 0.0 0.738080247072
0.0 0.0 0.00363296184925 0.0 0.0 0.73776703815
0.0 0.0 0.00395833655141 0.0 0.0 0.737441663448
0.0 0.0 0.00429553830168 0.0 0.0 0.737104461698
0.0 0.0 0.00464421464752 0.0 0.0 0.736755785352
0.0 0.0 0.00500399963063 0.0 0.0 0.736396000369
0.0 0.0 0.00537451401482 0.0 0.0 0.736025485985
0.0 0.0 0.00575536552863 0.0 0.0 0.735644634471
0.0 0.0 0.00614614912296 0.0 0.0 0.735253850877
0.0 0.0 0.0065464472446 0.0 0.0 0.734853552755
0.0 0.0 0.00695583012589 0.0 0.0 0.734444169874
0.0 0.0 0.00737385609124 0.0 0.0 0.734026143908
0.0 0.0 0.00780007188091 0.0 0.0 0.733599928119
0.0 0.0 0.00823401299261 0.0 0.0 0.733165987007
0.0 0.0 0.00867520404142 0.0 0.0 0.732724795958
0.0 0.0 0.00912315913839 0.0 0.0 0.732276840861
0.0 0.0 0.0095773822884 0.0 0.0 0.731822617711
0.0 0.0 0.0100373678076 0.0 0.0 0.731362632192
0.0 0.0 0.0105026007607 0.0 0.0 0.730897399239
0.0 0.0 0.0109725574188 0.0 0.0 0.730427442581
0.0 0.0 0.0114467057377 0.0 0.0 0.729953294262
0.0 0.0 0.0119245058566 0.0 0.0 0.729475494143
0.0 0.0 0.0124054106186 0.0 0.0 0.728994589381
0.0 0.0 0.0128888661119 0.0 0.0 0.728511133888
0.0 0.0 0.0133743122317 0.0 0.0 0.728025687768
0.0 0.0 0.0138611832642 0.0 0.0 0.727538816736
0.0 0.0 0.0143489084911 0.0 0.0 0.727051091509
0.0 0.0 0.0148369128148 0.0 0.0 0.726563087185
0.0 0.0 0.0153246174051 0.0 0.0 0.726075382595
0.0 0.0 0.0158114403653 0.0 0.0 0.725588559634
0.0 0.0 0.0162967974184 0.0 0.0 0.725103202581
0.0 0.0 0.0167801026135 0.0 0.0 0.724619897386
0.0 0.0 0.0172607690494 0.0 0.0 0.72413923095
0.0 0.0 0.0177382096175 0.0 0.0 0.723661790382
0.0 0.0 0.0182118377615 0.0 0.0 0.723188162238
0.0 0.0 0.0186810682526 0.0 0.0 0.722718931747
0.0 0.0 0.0191453179812 0.0 0.0 0.722254682019
0.0 0.0 0.0196040067608 0.0 0.0 0.721795993239
0.0 0.0 0.0200565581465 0.0 0.0 0.721343441853
0.0 0.0 0.0205024002634 0.0 0.0 0.720897599736
0.0 0.0 0.0209409666451 0.0 0.0 0.720459033355
0.0 0.0 0.0213716970808 0.0 0.0 0.720028302919
0.0 0.0 0.0217940384685 0.0 0.0 0.719605961531
0.0 0.0 0.0222074456728 0.0 0.0 0.719192554327
0.0 0.0 0.0226113823855 0.0 0.0 0.718788617614
0.0 0.0 0.0230053219868 0.0 0.0 0.718394678013
0.0 0.0 0.0233887484055 0.0 0.0 0.718011251594
0.0 0.0 0.0237611569748 0.0 0.0 0.717638843025
0.0 0.0 0.0241220552831 0.0 0.0 0.717277944717
0.0 0.0 0.024470964016 0.0 0.0 0.716929035984
0.0 0.0 0.0248074177881 0.0 0.0 0.716592582212
0.0 0.0 0.0251309659621 0.0 0.0 0.716269034038
0.0 0.0 0.0254411734516 0.0 0.0 0.715958826548
0.0 0.0 0.0257376215072 0.0 0.0 0.715662378492
0.0 0.0 0.0260199084814 0.0 0.0 0.715380091518
0.0 0.0 0.0262876505712 0.0 0.0 0.715112349429
0.0 0.0 0.0265404825353 0.0 0.0 0.714859517464
0.0 0.0 0.0267780583838 0.0 0.0 0.714621941616
0.0 0.0 0.0270000520375 0.0 0.0 0.714399947962
0.0 0.0 0.0272061579557 0.0 0.0 0.714193842044
0.0 0.0 0.0273960917286 0.0 0.0 0.714003908271
0.0 0.0 0.0275695906338 0.0 0.0 0.713830409366
0.0 0.0 0.0277264141534 0.0 0.0 0.713673585846
0.0 0.0 0.0278663444512 0.0 0.0 0.713533655549
0.0 0.0 0.0279891868071 0.0 0.0 0.713410813193
0.0 0.0 0.0280947700076 0.0 0.0 0.713305229992
0.0 0.0 0.0281829466908 0.0 0.0 0.713217053309
0.0 0.0 0.0282535936445 0.0 0.0 0.713146406355
0.0 0.0 0.0283066120564 0.0 0.0 0.713093387943
0.0 0.0 0.0283419277155 0.0 0.0 0.713058072284
0.0 0.0 0.028359491163 0.0 0.0 0.713040508837
0.0 0.0 0.028359277794 0.0 0.0 0.713040722206
0.0 0.0 0.0283412879074 0.0 0.0 0.713058712092
0.0 0.0 0.0283055467055 0.0 0.0 0.713094453294
0.0 0.0 0.0282521042424 0.0 0.0 0.713147895757
0.0 0.0 0.0281810353216 0.0 0.0 0.713218964678
0.0 0.0 0.0280924393435 0.0 0.0 0.713307560656
0.0 0.0 0.0279864401031 0.0 0.0 0.713413559897
0.0 0.0 0.0278631855383 0.0 0.0 0.713536814461
0.0 0.0 0.027722847431 0.0 0.0 0.713677152569
0.0 0.0 0.0275656210608 0.0 0.0 0.713834378939
0.0 0.0 0.0273917248137 0.0 0.0 0.714008275186
0.0 0.0 0.0272013997461 0.0 0.0 0.714198600254
0.0 0.0 0.0269949091071 0.0 0.0 0.714405090893
0.0 0.0 0.0267725378204 0.0 0.0 0.714627462179
0.0 0.0 0.0265345919268 0.0 0.0 0.714865408073
0.0 0.0 0.0262813979906 0.0 0.0 0.715118602009
0.0 0.0 0.0260133024717 0.0 0.0 0.715386697528
0.0 0.0 0.025730671065 0.0 0.0 0.715669328935
0.0 0.0 0.0254338880104 0.0 0.0 0.715966111989
0.0 0.0 0.0251233553745 0.0 0.0 0.716276644625
0.0 0.0 0.0247994923079 0.0 0.0 0.716600507692
0.0 0.0 0.0244627342795 0.0 0.0 0.71693726572
0.0 0.0 0.02411353229 0.0 0.0 0.71728646771
0.0 0.0 0.0237523520689 0.0 0.0 0.717647647931
0.0 0.0 0.0233796732545 0.0 0.0 0.718020326745
0.0 0.0 0.0229959885625 0.0 0.0 0.718404011437
0.0 0.0 0.0226018029433 0.0 0.0 0.718798197056
0.0 0.0 0.0221976327316 0.0 0.0 0.719202367268
0.0 0.0 0.0217840047895 0.0 0.0 0.71961599521
0.0 0.0 0.0213614556473 0.0 0.0 0.720038544352
0.0 0.0 0.0209305306416 0.0 0.0 0.720469469358
0.0 0.0 0.0204917830551 0.0 0.0 0.720908216945
0.0 0.0 0.0200457732587 0.0 0.0 0.721354226741
0.0 0.0 0.0195930678584 0.0 0.0 0.721806932141
0.0 0.0 0.0191342388487 0.0 0.0 0.722265761151
0.0 0.0 0.0186698627739 0.0 0.0 0.722730137226
0.0 0.0 0.0182005199001 0.0 0.0 0.7231994801
0.0 0.0 0.0177267933973 0.0 0.0 0.723673206602
0.0 0.0 0.0172492685351 0.0 0.0 0.724150731465
0.0 0.0 0.0167685318924 0.0 0.0 0.724631468107
0.0 0.0 0.0162851705816 0.0 0.0 0.725114829418
0.0 0.0 0.0157997714894 0.0 0.0 0.72560022851
0.0 0.0 0.0153129205354 0.0 0.0 0.726087079464
0.0 0.0 0.0148252019472 0.0 0.0 0.726574798053
0.0 0.0 0.0143371975562 0.0 0.0 0.727062802444
0.0 0.0 0.0138494861106 0.0 0.0 0.727550513889
0.0 0.0 0.0133626426105 0.0 0.0 0.728037357389
0.0 0.0 0.0128772376611 0.0 0.0 0.728522762339
0.0 0.0 0.0123938368489 0.0 0.0 0.729006163151
0.0 0.0 0.0119130001365 0.0 0.0 0.729486999863
0.0 0.0 0.0114352812803 0.0 0.0 0.72996471872
0.0 0.0 0.0109612272683 0.0 0.0 0.730438772731
0.0 0.0 0.0104913777796 0.0 0.0 0.73090862222
0.0 0.0 0.0100262646648 0.0 0.0 0.731373735335
0.0 0.0 0.00956641144709 0.0 0.0 0.731833588553
0.0 0.0 0.0091123328451 0.0 0.0 0.732287667155
0.0 0.0 0.00866453431516 0.0 0.0 0.732735465685
0.0 0.0 0.00822351161466 0.0 0.0 0.733176488385
0.0 0.0 0.00778975038504 0.0 0.0 0.733610249615
0.0 0.0 0.0073637257544 0.0 0.0 0.734036274245
0.0 0.0 0.00694590195934 0.0 0.0 0.73445409804
0.0 0.0 0.00653673198551 0.0 0.0 0.734863268014
0.0 0.0 0.00613665722644 0.0 0.0 0.735263342773
0.0 0.0 0.00574610716016 0.0 0.0 0.73565389284
0.0 0.0 0.00536549904312 0.0 0.0 0.736034500957
0.0 0.0 0.00499523762088 0.0 0.0 0.736404762379
0.0 0.0 0.00463571485503 0.0 0.0 0.736764285145
0.0 0.0 0.00428730966586 0.0 0.0 0.737112690334
0.0 0.0 0.00395038769014 0.0 0.0 0.73744961231
0.0 0.0 0.00362530105361 0.0 0.0 0.737774698946
0.0 0.0 0.00331238815748 0.0 0.0 0.738087611842
0.0 0.0 0.00301197347856 0.0 0.0 0.738388026521
0.0 0.0 0.00272436738238 0.0 0.0 0.738675632617
0.0 0.0 0.00244986594893 0.0 0.0 0.738950134051
0.0 0.0 0.00218875081026 0.0 0.0 0.73921124919
0.0 0.0 0.0019412889998 0.0 0.0 0.739458711
0.0 0.0 0.00170773281259 0.0 0.0 0.739692267187
0.0 0.0 0.00148831967625 0.0 0.0 0.739911680324
0.0 0.0 0.001283272032 0.0 0.0 0.740116727968
0.0 0.0 0.00109279722553 0.0 0.0 0.740307202774
0.0 0.0 0.00091708740725 0.0 0.0 0.740482912593
0.0 0.0 0.000756319441421 0.0 0.0 0.740643680558
0.0 0.0 0.000610654824083 0.0 0.0 0.740789345176
0.0 0.0 0.00048023960923 0.0 0.0 0.740919760391
0.0 0.0 0.000365204343047 0.0 0.0 0.741034795657
0.0 0.0 0.000265664005921 0.0 0.0 0.741134335994
0.0 0.0 0.000181717961982 0.0 0.0 0.741218282038
0.0 0.0 0.000113449915953 0.0 0.0 0.741286550084
0.0 0.0 6.09278771486e-05 0.0 0.0 0.741339072123
0.0 0.0 2.42041304334e-05 0.0 0.0 0.741375795869
0.0 0.0 3.31521404284e-06 0.0 0.0 0.741396684786
0.0 0.0 -1.71809585023e-06 0.0 0.0 0.741401718096
0.0 0.0 9.10920611501e-06 0.0 0.0 0.741390890794
0.0 0.0 3.57863523825e-05 0.0 0.0 0.741364213647
0.0 0.0 7.82868070083e-05 0.0 0.0 0.741321713193
0.0 0.0 0.000136568276847 0.0 0.0 0.741263431723
0.0 0.0 0.000210572729439 0.0 0.0 0.74118942727
0.0 0.0 0.000300226417686 0.0 0.0 0.741099773582
0.0 0.0 0.000405439911414 0.0 0.0 0.740994560088
0.0 0.0 0.000526108135974 0.0 0.0 0.740873891864
0.0 0.0 0.000662110418033 0.0 0.0 0.740737889582
0.0 0.0 0.000813310538761 0.0 0.0 0.740586689461
0.0 0.0 0.000979556794632 0.0 0.0 0.740420443205
0.0 0.0 0.00116068206609 0.0 0.0 0.740239317934
0.0 0.0 0.00135650389436 0.0 0.0 0.740043496105
0.0 0.0 0.00156682456672 0.0 0.0 0.739833175433
0.0 0.0 0.00179143121051 0.0 0.0 0.739608568789
0.0 0.0 0.00203009589632 0.0 0.0 0.739369904103
0.0 0.0 0.00228257575066 0.0 0.0 0.739117424249
0.0 0.0 0.00254861307854 0.0 0.0 0.738851386921
0.0 0.0 0.00282793549641 0.0 0.0 0.738572064503
0.0 0.0 0.00312025607582 0.0 0.0 0.738279743924
0.0 0.0 0.00342527349838 0.0 0.0 0.737974726501
0.0 0.0 0.00374267222236 0.0 0.0 0.737657327777
0.0 0.0 0.00407212266156 0.0 0.0 0.737327877338
0.0 0.0 0.00441328137688 0.0 0.0 0.736986718623
0.0 0.0 0.00476579128106 0.0 0.0 0.736634208719
0.0 0.0 0.0051292818573 0.0 0.0 0.736270718142
0.0 0.0 0.00550336939201 0.0 0.0 0.735896630608
0.0 0.0 0.00588765722254 0.0 0.0 0.735512342777
0.0 0.0 0.00628173600017 0.0 0.0 0.735118264
0.0 0.0 0.00668518396911 0.0 0.0 0.734714816031
0.0 0.0 0.0070975672618 0.0 0.0 0.734302432738
0.0 0.0 0.00751844021131 0.0 0.0 0.733881559788
0.0 0.0 0.00794734568114 0.0 0.0 0.733452654319
0.0 0.0 0.00838381541301 0.0 0.0 0.733016184587
0.0 0.0 0.0088273703931 0.0 0.0 0.732572629607
0.0 0.0 0.00927752123719 0.0 0.0 0.732122478763
0.0 0.0 0.00973376859515 0.0 0.0 0.731666231405
0.0 0.0 0.0101956035751 0.0 0.0 0.731204396425
0.0 0.0 0.0106625081878 0.0 0.0 0.730737491812
0.0 0.0 0.0111339558112 0.0 0.0 0.730266044189
0.0 0.0 0.0116094116758 0.0 0.0 0.729790588324
0.0 0.0 0.0120883333711 0.0 0.0 0.729311666629
0.0 0.0 0.0125701713724 0.0 0.0 0.728829828627
0.0 0.0 0.0130543695898 0.0 0.0 0.72834563041
0.0 0.0 0.0135403659374 0.0 0.0 0.727859634062
0.0 0.0 0.0140275929241 0.0 0.0 0.727372407076
0.0 0.0 0.0145154782654 0.0 0.0 0.726884521734
0.0 0.0 0.0150034455161 0.0 0.0 0.726396554484
0.0 0.0 0.0154909147232 0.0 0.0 0.725909085277
0.0 0.0 0.0159773030995 0.0 0.0 0.7254226969
0.0 0.0 0.0164620257164 0.0 0.0 0.724937974283
0.0 0.0 0.0169444962161 0.0 0.0 0.724455503784
0.0 0.0 0.0174241275424 0.0 0.0 0.723975872457
0.0 0.0 0.0179003326891 0.0 0.0 0.723499667311
0.0 0.0 0.0183725254648 0.0 0.0 0.723027474535
0.0 0.0 0.0188401212746 0.0 0.0 0.722559878725
0.0 0.0 0.0193025379153 0.0 0.0 0.722097462084
0.0 0.0 0.0197591963853 0.0 0.0 0.721640803614
0.0 0.0 0.0202095217057 0.0 0.0 0.721190478294
0.0 0.0 0.020652943753 0.0 0.0 0.720747056247
0.0 0.0 0.0210888981006 0.0 0.0 0.720311101899
0.0 0.0 0.0215168268679 0.0 0.0 0.719883173132
0.0 0.0 0.0219361795756 0.0 0.0 0.719463820424
0.0 0.0 0.0223464140044 0.0 0.0 0.719053585995
0.0 0.0 0.0227469970564 0.0 0.0 0.718653002943
0.0 0.0 0.0231374056159 0.0 0.0 0.718262594384
0.0 0.0 0.0235171274082 0.0 0.0 0.717882872592
0.0 0.0 0.0238856618544 0.0 0.0 0.717514338145
0.0 0.0 0.0242425209194 0.0 0.0 0.71715747908
0.0 0.0 0.0245872299502 0.0 0.0 0.71681277005
0.0 0.0 0.0249193285041 0.0 0.0 0.716480671496
0.0 0.0 0.0252383711624 0.0 0.0 0.716161628837
0.0 0.0 0.0255439283278 0.0 0.0 0.715856071672
0.0 0.0 0.0258355870032 0.0 0.0 0.715564412997
0.0 0.0 0.02611295155 0.0 0.0 0.71528704845
0.0 0.0 0.0263756444215 0.0 0.0 0.715024355578
0.0 0.0 0.0266233068716 0.0 0.0 0.714776693128
0.0 0.0 0.0268555996338 0.0 0.0 0.714544400366
0.0 0.0 0.0270722035709 0.0 0.0 0.714327796429
0.0 0.0 0.0272728202897 0.0 0.0 0.71412717971
0.0 0.0 0.0274571727227 0.0 0.0 0.713942827277
0.0 0.0 0.0276250056701 0.0 0.0 0.71377499433
0.0 0.0 0.0277760863049 0.0 0.0 0.713623913695
0.0 0.0 0.0279102046342 0.0 0.0 0.713489795366
0.0 0.0 0.0280271739201 0.0 0.0 0.71337282608
0.0 0.0 0.0281268310538 0.0 0.0 0.713273168946
0.0 0.0 0.0282090368855 0.0 0.0 0.713190963114
0.0 0.0 0.0282736765058 0.0 0.0 0.713126323494
0.0 0.0 0.0283206594795 0.0 0.0 0.71307934052
0.0 0.0 0.0283499200298 0.0 0.0 0.71305007997
0.0 0.0 0.0283614171726 0.0 0.0 0.713038582827
0.0 0.0 0.0283551348004 0.0 0.0 0.713044865199
0.0 0.0 0.0283310817151 0.0 0.0 0.713068918285
0.0 0.0 0.02828929161 0.0 0.0 0.71311070839
0.0 0.0 0.0282298230011 0.0 0.0 0.713170176999
0.0 0.0 0.0281527591073 0.0 0.0 0.713247240892
0.0 0.0 0.028058207681 0.0 0.0 0.713341792319
0.0 0.0 0.0279463007885 0.0 0.0 0.713453699211
0.0 0.0 0.0278171945426 0.0 0.0 0.713582805457
0.0 0.0 0.027671068787 0.0 0.0 0.713728931213
0.0 0.0 0.0275081267345 0.0 0.0 0.713891873265
0.0 0.0 0.0273285945603 0.0 0.0 0.714071405439
0.0 0.0 0.0271327209518 0.0 0.0 0.714267279048
0.0 0.0 0.0269207766166 0.0 0.0 0.714479223383
0.0 0.0 0.0266930537508 0.0 0.0 0.714706946249
0.0 0.0 0.0264498654692 0.0 0.0 0.714950134531
0.0 0.0 0.0261915451993 0.0 0.0 0.7152084548
0.0 0.0 0.0259184460424 0.0 0.0 0.715481553957
0.0 0.0 0.0256309401025 0.0 0.0 0.715769059897
0.0 0.0 0.0253294177862 0.0 0.0 0.716070582214
0.0 0.0 0.0250142870763 0.0 0.0 0.716385712923
0.0 0.0 0.0246859727805 0.0 0.0 0.716714027219
0.0 0.0 0.0243449157585 0.0 0.0 0.717055084241
0.0 0.0 0.0239915721296 0.0 0.0 0.71740842787
0.0 0.0 0.0236264124636 0.0 0.0 0.717773587536
0.0 0.0 0.0232499209567 0.0 0.0 0.718150079043
0.0 0.0 0.0228625945959 0.0 0.0 0.718537405404
0.0 0.0 0.0224649423134 0.0 0.0 0.718935057686
0.0 0.0 0.0220574841336 0.0 0.0 0.719342515866
0.0 0.0 0.0216407503156 0.0 0.0 0.719759249684
0.0 0.0 0.0212152804923 0.0 0.0 0.720184719507
0.0 0.0 0.0207816228093 0.0 0.0 0.72061837719
0.0 0.0 0.020340333065 0.0 0.0 0.721059666935
0.0 0.0 0.019891973854 0.0 0.0 0.721508026146
0.0 0.0 0.0194371137165 0.0 0.0 0.721962886283
0.0 0.0 0.0189763262938 0.0 0.0 0.722423673706
0.0 0.0 0.0185101894931 0.0 0.0 0.722889810507
0.0 0.0 0.018039284663 0.0 0.0 0.723360715337
0.0 0.0 0.0175641957799 0.0 0.0 0.72383580422
0.0 0.0 0.0170855086486 0.0 0.0 0.724314491351
0.0 0.0 0.0166038101162 0.0 0.0 0.724796189884
0.0 0.0 0.0161196873026 0.0 0.0 0.725280312697
0.0 0.0 0.0156337268471 0.0 0.0 0.725766273153
0.0 0.0 0.0151465141721 0.0 0.0 0.726253485828
0.0 0.0 0.0146586327657 0.0 0.0 0.726741367234
0.0 0.0 0.0141706634829 0.0 0.0 0.727229336517
0.0 0.0 0.0136831838665 0.0 0.0 0.727716816133
0.0 0.0 0.013196767488 0.0 0.0 0.728203232512
0.0 0.0 0.0127119833087 0.0 0.0 0.728688016691
0.0 0.0 0.0122293950623 0.0 0.0 0.729170604937
0.0 0.0 0.0117495606576 0.0 0.0 0.729650439342
0.0 0.0 0.0112730316028 0.0 0.0 0.730126968397
0.0 0.0 0.0108003524509 0.0 0.0 0.730599647549
0.0 0.0 0.0103320602661 0.0 0.0 0.731067939734
0.0 0.0 0.00986868411152 0.0 0.0 0.731531315888
0.0 0.0 0.00941074455792 0.0 0.0 0.731989255442
0.0 0.0 0.00895875321265 0.0 0.0 0.732441246787
0.0 0.0 0.00851321226959 0.0 0.0 0.73288678773
0.0 0.0 0.0080746140791 0.0 0.0 0.733325385921
0.0 0.0 0.00764344073776 0.0 0.0 0.733756559262
0.0 0.0 0.0072201636976 0.0 0.0 0.734179836302
0.0 0.0 0.00680524339439 0.0 0.0 0.734594756605
0.0 0.0 0.00639912889444 0.0 0.0 0.735000871105
0.0 0.0 0.00600225755959 0.0 0.0 0.73539774244
0.0 0.0 0.0056150547298 0.0 0.0 0.73578494527
0.0 0.0 0.00523793342281 0.0 0.0 0.736162066577
0.0 0.0 0.00487129405051 0.0 0.0 0.736528705949
0.0 0.0 0.0045155241512 0.0 0.0 0.736884475849
0.0 0.0 0.00417099813755 0.0 0.0 0.737229001862
0.0 0.0 0.00383807705942 0.0 0.0 0.73756192294
0.0 0.0 0.0035171083812 0.0 0.0 0.737882891619
0.0 0.0 0.00320842577306 0.0 0.0 0.738191574227
0.0 0.0 0.00291234891552 0.0 0.0 0.738487651084
0.0 0.0 0.00262918331696 0.0 0.0 0.738770816683
0.0 0.0 0.00235922014346 0.0 0.0 0.739040779856
0.0 0.0 0.00210273606047 0.0 0.0 0.739297263939
0.0 0.0 0.00185999308587 0.0 0.0 0.739540006914
0.0 0.0 0.00163123845394 0.0 0.0 0.739768761546
0.0 0.0 0.00141670448981 0.0 0.0 0.73998329551
0.0 0.0 0.0012166084939 0.0 0.0 0.740183391506
0.0 0.0 0.001031152636 0.0 0.0 0.740368847364
0.0 0.0 0.000860523858592 0.0 0.0 0.740539476141
0.0 0.0 0.000704893789079 0.0 0.0 0.740695106211
0.0 0.0 0.000564418660497 0.0 0.0 0.740835581339
0.0 0.0 0.000439239240505 0.0 0.0 0.740960760759
0.0 0.0 0.000329480768297 0.0 0.0 0.741070519231
0.0 0.0 0.000235252899214 0.0 0.0 0.7411647471
0.0 0.0 0.000156649656795 0.0 0.0 0.741243350343
0.0 0.0 9.37493920939e-05 0.0 0.0 0.741306250608
0.0 0.0 4.6614750062e-05 0.0 0.0 0.74135338525
0.0 0.0 1.52926428689e-05 0.0 0.0 0.741384707357
0.0 0.0 -1.85769969475e-07 0.0 0.0 0.74140018577
0.0 0.0 1.94905265589e-07 0.0 0.0 0.741399805094
0.0 0.0 1.6434290016e-05 0.0 0.0 0.74138356571
0.0 0.0 4.85162336074e-05 0.0 0.0 0.741351483766
0.0 0.0 9.64088200451e-05 0.0 0.0 0.74130359118
0.0 0.0 0.000160064381482 0.0 0.0 0.741239935618
0.0 0.0 0.00023941951841 0.0 0.0 0.741160580481
0.0 0.0 0.000334395126677 0.0 0.0 0.741065604873
0.0 0.0 0.000444896431434 0.0 0.0 0.740955103568
0.0 0.0 0.000570813028163 0.0 0.0 0.740829186972
0.0 0.0 0.000712018930982 0.0 0.0 0.740687981069
0.0 0.0 0.000868372628392 0.0 0.0 0.740531627371
0.0 0.0 0.00103971714674 0.0 0.0 0.740360282853
0.0 0.0 0.00122588012163 0.0 0.0 0.740174119878
0.0 0.0 0.0014266738776 0.0 0.0 0.739973326122
0.0 0.0 0.00164189551629 0.0 0.0 0.739758104483
0.0 0.0 0.00187132701363 0.0 0.0 0.739528672986
0.0 0.0 0.00211473532612 0.0 0.0 0.739285264674
0.0 0.0 0.00237187250692 0.0 0.0 0.739028127493
0.0 0.0 0.00264247583187 0.0 0.0 0.738757524168
0.0 0.0 0.00292626793606 0.0 0.0 0.738473732064
0.0 0.0 0.00322295696127 0.0 0.0 0.738177043038
0.0 0.0 0.00353223671487 0.0 0.0 0.737867763285
0.0 0.0 0.00385378684056 0.0 0.0 0.737546213159
0.0 0.0 0.00418727300151 0.0 0.0 0.737212726998
0.0 0.0 0.00453234707632 0.0 0.0 0.736867652923
0.0 0.0 0.00488864736854 0.0 0.0 0.736511352631
0.0 0.0 0.00525579882992 0.0 0.0 0.73614420117
0.0 0.0 0.00563341329834 0.0 0.0 0.735766586701
0.0 0.0 0.00602108975062 0.0 0.0 0.735378910249
0.0 0.0 0.00641841457093 0.0 0.0 0.734981585429
0.0 0.0 0.00682496183526 0.0 0.0 0.734575038164
0.0 0.0 0.00724029361257 0.0 0.0 0.734159706387
0.0 0.0 0.00766396028301 0.0 0.0 0.733736039717
0.0 0.0 0.00809550087384 0.0 0.0 0.733304499126
0.0 0.0 0.00853444341343 0.0 0.0 0.732865556586
0.0 0.0 0.00898030530394 0.0 0.0 0.732419694696
0.0 0.0 0.00943259371302 0.0 0.0 0.731967406287
0.0 0.0 0.00989080598492 0.0 0.0 0.731509194015
0.0 0.0 0.0103544300716 0.0 0.0 0.731045569928
0.0 0.0 0.0108229449838 0.0 0.0 0.730577055016
0.0 0.0 0.011295821263 0.0 0.0 0.730104178737
0.0 0.0 0.0117725214734 0.0 0.0 0.729627478526
0.0 0.0 0.0122525007161 0.0 0.0 0.729147499284
0.0 0.0 0.0127352071627 0.0 0.0 0.728664792837
0.0 0.0 0.0132200826114 0.0 0.0 0.728179917388
0.0 0.0 0.013706563064 0.0 0.0 0.727693436936
0.0 0.0 0.0141940793234 0.0 0.0 0.727205920676
0.0 0.0 0.0146820576129 0.0 0.0 0.726717942387
0.0 0.0 0.0151699202153 0.0 0.0 0.726230079784
0.0 0.0 0.0156570861337 0.0 0.0 0.725742913866
0.0 0.0 0.0161429717709 0.0 0.0 0.725257028229
0.0 0.0 0.0166269916296 0.0 0.0 0.72477300837
0.0 0.0 0.0171085590306 0.0 0.0 0.724291440969
0.0 0.0 0.0175870868497 0.0 0.0 0.72381291315
0.0 0.0 0.0180619882719 0.0 0.0 0.723338011728
0.0 0.0 0.0185326775623 0.0 0.0 0.722867322437
0.0 0.0 0.0189985708522 0.0 0.0 0.722401429148
0.0 0.0 0.0194590869395 0.0 0.0 0.72194091306
0.0 0.0 0.0199136481028 0.0 0.0 0.721486351897
0.0 0.0 0.0203616809265 0.0 0.0 0.721038319073
0.0 0.0 0.0208026171366 0.0 0.0 0.720597382863
0.0 0.0 0.0212358944449 0.0 0.0 0.720164105555
0.0 0.0 0.021660957401 0.0 0.0 0.719739042599
0.0 0.0 0.0220772582481 0.0 0.0 0.719322741752
0.0 0.0 0.0224842577837 0.0 0.0 0.718915742216
0.0 0.0 0.0228814262202 0.0 0.0 0.718518573779
0.0 0.0 0.0232682440461 0.0 0.0 0.718131755954
0.0 0.0 0.0236442028831 0.0 0.0 0.717755797117
0.0 0.0 0.0240088063389 0.0 0.0 0.717391193661
0.0 0.0 0.0243615708524 0.0 0.0 0.717038429147
0.0 0.0 0.0247020265287 0.0 0.0 0.716697973471
0.0 0.0 0.0250297179625 0.0 0.0 0.716370282037
0.0 0.0 0.0253442050467 0.0 0.0 0.716055794953
0.0 0.0 0.0256450637638 0.0 0.0 0.715754936236
0.0 0.0 0.0259318869575 0.0 0.0 0.715468113042
0.0 0.0 0.0262042850835 0.0 0.0 0.715195714916
0.0 0.0 0.0264618869339 0.0 0.0 0.714938113066
0.0 0.0 0.026704340337 0.0 0.0 0.714695659663
0.0 0.0 0.0269313128256 0.0 0.0 0.714468687174
0.0 0.0 0.0271424922757 0.0 0.0 0.714257507724
0.0 0.0 0.0273375875098 0.0 0.0 0.71406241249
0.0 0.0 0.0275163288655 0.0 0.0 0.713883671134
0.0 0.0 0.027678468725 0.0 0.0 0.713721531275
0.0 0.0 0.0278237820053 0.0 0.0 0.713576217994
0.0 0.0 0.0279520666065 0.0 0.0 0.713447933393
0.0 0.0 0.0280631438159 0.0 0.0 0.713336856184
0.0 0.0 0.0281568586684 0.0 0.0 0.713243141331
0.0 0.0 0.0282330802587 0.0 0.0 0.713166919741
0.0 0.0 0.0282917020075 0.0 0.0 0.713108297992
0.0 0.0 0.0283326418783 0.0 0.0 0.713067358121
0.0 0.0 0.0283558425441 0.0 0.0 0.713044157456
0.0 0.0 0.0283612715052 0.0 0.0 0.713038728494
0.0 0.0 0.0283489211554 0.0 0.0 0.713051078844
0.0 0.0 0.0283188087975 0.0 0.0 0.713081191202
0.0 0.0 0.0282709766078 0.0 0.0 0.713129023392
0.0 0.0 0.0282054915503 0.0 0.0 0.713194508449
0.0 0.0 0.0281224452395 0.0 0.0 0.71327755476
0.0 0.0 0.0280219537541 0.0 0.0 0.713378046246
0.0 0.0 0.0279041574007 0.0 0.0 0.713495842599
0.0 0.0 0.0277692204302 0.0 0.0 0.71363077957
0.0 0.0 0.0276173307057 0.0 0.0 0.713782669294
0.0 0.0 0.027448699326 0.0 0.0 0.713951300674
0.0 0.0 0.0272635602031 0.0 0.0 0.714136439797
0.0 0.0 0.027062169598 0.0 0.0 0.714337830402
0.0 0.0 0.0268448056148 0.0 0.0 0.714555194385
0.0 0.0 0.0266117676557 0.0 0.0 0.714788232344
0.0 0.0 0.0263633758386 0.0 0.0 0.715036624161
0.0 0.0 0.0260999703801 0.0 0.0 0.71530002962
0.0 0.0 0.0258219109445 0.0 0.0 0.715578089055
0.0 0.0 0.0255295759632 0.0 0.0 0.715870424036
0.0 0.0 0.0252233619252 0.0 0.0 0.716176638075
0.0 0.0 0.0249036826416 0.0 0.0 0.716496317358
0.0 0.0 0.0245709684872 0.0 0.0 0.716829031512
0.0 0.0 0.0242256656203 0.0 0.0 0.717174334379
0.0 0.0 0.0238682351844 0.0 0.0 0.717531764815
0.0 0.0 0.0234991524936 0.0 0.0 0.717900847506
0.0 0.0 0.0231189062047 0.0 0.0 0.718281093795
0.0 0.0 0.0227279974773 0.0 0.0 0.718672002522
0.0 0.0 0.0223269391259 0.0 0.0 0.719073060874
0.0 0.0 0.0219162547651 0.0 0.0 0.719483745235
0.0 0.0 0.0214964779503 0.0 0.0 0.719903522049
0.0 0.0 0.0210681513169 0.0 0.0 0.720331848683
0.0 0.0 0.0206318257192 0.0 0.0 0.720768174281
0.0 0.0 0.0201880593713 0.0 0.0 0.721211940628
0.0 0.0 0.0197374169928 0.0 0.0 0.721662583007
0.0 0.0 0.0192804689593 0.0 0.0 0.72211953104
0.0 0.0 0.0188177904617 0.0 0.0 0.722582209538
0.0 0.0 0.0183499606741 0.0 0.0 0.723050039326
0.0 0.0 0.0178775619327 0.0 0.0 0.723522438067
0.0 0.0 0.0174011789273 0.0 0.0 0.723998821072
0.0 0.0 0.016921397906 0.0 0.0 0.724478602094
0.0 0.0 0.0164388058947 0.0 0.0 0.724961194105
0.0 0.0 0.0159539899333 0.0 0.0 0.725446010066
0.0 0.0 0.0154675363272 0.0 0.0 0.725932463672
0.0 0.0 0.0149800299186 0.0 0.0 0.726419970081
0.0 0.0 0.0144920533742 0.0 0.0 0.726907946625
0.0 0.0 0.0140041864939 0.0 0.0 0.727395813506
0.0 0.0 0.013517005538 0.0 0.0 0.727882994462
0.0 0.0 0.0130310825752 0.0 0.0 0.728368917425
0.0 0.0 0.0125469848508 0.0 0.0 0.728853015149
0.0 0.0 0.0120652741763 0.0 0.0 0.729334725823
0.0 0.0 0.0115865063395 0.0 0.0 0.72981349366
0.0 0.0 0.0111112305357 0.0 0.0 0.730288769464
0.0 0.0 0.0106399888207 0.0 0.0 0.730760011179
0.0 0.0 0.0101733155842 0.0 0.0 0.731226684416
0.0 0.0 0.00971173704488 0.0 0.0 0.731688262955
0.0 0.0 0.00925577076578 0.0 0.0 0.732144229234
0.0 0.0 0.00880592519073 0.0 0.0 0.732594074809
0.0 0.0 0.00836269920103 0.0 0.0 0.733037300799
0.0 0.0 0.00792658169221 0.0 0.0 0.733473418308
0.0 0.0 0.00749805117048 0.0 0.0 0.733901948829
0.0 0.0 0.00707757536849 0.0 0.0 0.734322424631
0.0 0.0 0.00666561088001 0.0 0.0 0.73473438912
0.0 0.0 0.006262602813 0.0 0.0 0.735137397187
0.0 0.0 0.00586898446063 0.0 0.0 0.735531015539
0.0 0.0 0.0054851769898 0.0 0.0 0.73591482301
0.0 0.0 0.00511158914653 0.0 0.0 0.736288410853
0.0 0.0 0.00474861697781 0.0 0.0 0.736651383022
0.0 0.0 0.0043966435693 0.0 0.0 0.73700335643
0.0 0.0 0.00405603879843 0.0 0.0 0.737343961201
0.0 0.0 0.0037271591022 0.0 0.0 0.737672840898
0.0 0.0 0.00341034725936 0.0 0.0 0.73798965274
0.0 0.0 0.00310593218625 0.0 0.0 0.738294067813
0.0 0.0 0.00281422874585 0.0 0.0 0.738585771254
0.0 0.0 0.00253553756958 0.0 0.0 0.73886446243
0.0 0.0 0.00227014489115 0.0 0.0 0.739129855109
0.0 0.0 0.00201832239229 0.0 0.0 0.739381677607
0.0 0.0 0.0017803270595 0.0 0.0 0.73961967294
0.0 0.0 0.00155640105168 0.0 0.0 0.739843598948
0.0 0.0 0.00134677157801 0.0 0.0 0.740053228422
0.0 0.0 0.00115165078576 0.0 0.0 0.740248349214
0.0 0.0 0.00097123565754 0.0 0.0 0.740428764342
0.0 0.0 0.000805707917733 0.0 0.0 0.740594292082
0.0 0.0 0.000655233947612 0.0 0.0 0.740744766052
0.0 0.0 0.000519964708947 0.0 0.0 0.740880035291
0.0 0.0 0.000400035675714 0.0 0.0 0.740999964324
0.0 0.0 0.000295566773669 0.0 0.0 0.741104433226
0.0 0.0 0.000206662327515 0.0 0.0 0.741193337672
0.0 0.0 0.000133411015468 0.0 0.0 0.741266588984
0.0 0.0 7.58858309914e-05 0.0 0.0 0.741324114169
0.0 0.0 3.41440515703e-05 0.0 0.0 0.741365855948
0.0 0.0 8.22721436247e-06 0.0 0.0 0.741391772785
0.0 0.0 -1.83890136606e-06 0.0 0.0 0.741401838901
0.0 0.0 3.9557148944e-06 0.0 0.0 0.741396044285
0.0 0.0 2.56053006863e-05 0.0 0.0 0.741374394699
0.0 0.0 6.30883230077e-05 0.0 0.0 0.741336911677
0.0 0.0 0.000116367487382 0.0 0.0 0.741283632512
0.0 0.0 0.000185389753612 0.0 0.0 0.741214610246
0.0 0.0 0.000270086358289 0.0 0.0 0.741129913641
0.0 0.0 0.00037037284416 0.0 0.0 0.741029627156
0.0 0.0 0.000486149096478 0.0 0.0 0.740913850903
0.0 0.0 0.000617299386486 0.0 0.0 0.740782700613
0.0 0.0 0.000763692422241 0.0 0.0 0.740636307577
0.0 0.0 0.00092518140697 0.0 0.0 0.740474818593
0.0 0.0 0.00110160410521 0.0 0.0 0.740298395895
0.0 0.0 0.00129278291701 0.0 0.0 0.740107217083
0.0 0.0 0.00149852496047 0.0 0.0 0.739901475039
0.0 0.0 0.00171862216295 0.0 0.0 0.739681377837
0.0 0.0 0.00195285136131 0.0 0.0 0.739447148638
0.0 0.0 0.00220097441151 0.0 0.0 0.739199025588
0.0 0.0 0.00246273830803 0.0 0.0 0.738937261692
0.0 0.0 0.00273787531344 0.0 0.0 0.738662124686
0.0 0.0 0.00302610309864 0.0 0.0 0.738373896901
0.0 0.0 0.00332712489416 0.0 0.0 0.738072875106
0.0 0.0 0.00364062965303 0.0 0.0 0.737759370347
0.0 0.0 0.0039662922257 0.0 0.0 0.737433707774
0.0 0.0 0.00430377354752 0.0 0.0 0.737096226452
0.0 0.0 0.00465272083924 0.0 0.0 0.736747279161
0.0 0.0 0.00501276782115 0.0 0.0 0.736387232179
0.0 0.0 0.00538353494135 0.0 0.0 0.736016465058
0.0 0.0 0.00576462961861 0.0 0.0 0.735635370381
0.0 0.0 0.00615564650048 0.0 0.0 0.735244353499
0.0 0.0 0.00655616773713 0.0 0.0 0.734843832263
0.0 0.0 0.00696576327147 0.0 0.0 0.734434236728
0.0 0.0 0.00738399114602 0.0 0.0 0.734016008854
0.0 0.0 0.00781039782715 0.0 0.0 0.733589602173
0.0 0.0 0.0082445185471 0.0 0.0 0.733155481453
0.0 0.0 0.00868587766434 0.0 0.0 0.732714122335
0.0 0.0 0.00913398904264 0.0 0.0 0.732266010957
0.0 0.0 0.00958835644938 0.0 0.0 0.73181164355
0.0 0.0 0.0100484739734 0.0 0.0 0.731351526026
0.0 0.0 0.0105138264631 0.0 0.0 0.730886173537
0.0 0.0 0.0109838899843 0.0 0.0 0.730416110015
0.0 0.0 0.011458132299 0.0 0.0 0.729941867701
0.0 0.0 0.0119360133654 0.0 0.0 0.729463986634
0.0 0.0 0.0124169858581 0.0 0.0 0.728983014142
0.0 0.0 0.0129004957097 0.0 0.0 0.72849950429
0.0 0.0 0.0133859826741 0.0 0.0 0.728014017326
0.0 0.0 0.0138728809102 0.0 0.0 0.72752711909
0.0 0.0 0.0143606195871 0.0 0.0 0.727039380413
0.0 0.0 0.0148486235101 0.0 0.0 0.72655137649
0.0 0.0 0.0153363137674 0.0 0.0 0.726063686232
0.0 0.0 0.015823108397 0.0 0.0 0.725576891603
0.0 0.0 0.0163084230737 0.0 0.0 0.725091576926
0.0 0.0 0.0167916718148 0.0 0.0 0.724608328185
0.0 0.0 0.0172722677057 0.0 0.0 0.724127732294
0.0 0.0 0.0177496236419 0.0 0.0 0.723650376358
0.0 0.0 0.0182231530899 0.0 0.0 0.72317684691
0.0 0.0 0.0186922708625 0.0 0.0 0.722707729137
0.0 0.0 0.0191563939106 0.0 0.0 0.722243606089
0.0 0.0 0.019614942128 0.0 0.0 0.721785057872
0.0 0.0 0.0200673391698 0.0 0.0 0.72133266083
0.0 0.0 0.0205130132808 0.0 0.0 0.720886986719
0.0 0.0 0.0209513981349 0.0 0.0 0.720448601865
0.0 0.0 0.0213819336821 0.0 0.0 0.720018066318
0.0 0.0 0.0218040670012 0.0 0.0 0.719595932999
0.0 0.0 0.0222172531588 0.0 0.0 0.719182746841
0.0 0.0 0.022620956069 0.0 0.0 0.718779043931
0.0 0.0 0.0230146493553 0.0 0.0 0.718385350644
0.0 0.0 0.02339781721 0.0 0.0 0.71800218279
0.0 0.0 0.0237699552505 0.0 0.0 0.717630044749
0.0 0.0 0.0241305713697 0.0 0.0 0.71726942863
0.0 0.0 0.024479186578 0.0 0.0 0.716920813422
0.0 0.0 0.0248153358342 0.0 0.0 0.716584664166
0.0 0.0 0.025138568865 0.0 0.0 0.716261431135
0.0 0.0 0.0254484509669 0.0 0.0 0.715951549033
0.0 0.0 0.0257445637921 0.0 0.0 0.715655436208
0.0 0.0 0.0260265061127 0.0 0.0 0.715373493887
0.0 0.0 0.026293894563 0.0 0.0 0.715106105437
0.0 0.0 0.0265463643556 0.0 0.0 0.714853635644
0.0 0.0 0.026783569971 0.0 0.0 0.714616430029
0.0 0.0 0.0270051858157 0.0 0.0 0.714394814184
0.0 0.0 0.0272109068493 0.0 0.0 0.71418909315
0.0 0.0 0.0274004491762 0.0 0.0 0.713999550824
0.0 0.0 0.0275735506009 0.0 0.0 0.713826449399
0.0 0.0 0.0277299711445 0.0 0.0 0.713670028855
0.0 0.0 0.0278694935206 0.0 0.0 0.713530506479
0.0 0.0 0.027991923569 0.0 0.0 0.713408076431
0.0 0.0 0.0280970906446 0.0 0.0 0.713302909355
0.0 0.0 0.0281848479619 0.0 0.0 0.713215152038
0.0 0.0 0.0282550728915 0.0 0.0 0.713144927108
0.0 0.0 0.0283076672096 0.0 0.0 0.71309233279
0.0 0.0 0.0283425572973 0.0 0.0 0.713057442702
0.0 0.0 0.0283596942916 0.0 0.0 0.713040305708
0.0 0.0 0.0283590541847 0.0 0.0 0.713040945815
0.0 0.0 0.0283406378736 0.0 0.0 0.713059362126
0.0 0.0 0.0283044711577 0.0 0.0 0.713095528842
0.0 0.0 0.0282506046865 0.0 0.0 0.713149395313
0.0 0.0 0.0281791138558 0.0 0.0 0.713220886144
0.0 0.0 0.0280900986542 0.0 0.0 0.713309901346
0.0 0.0 0.027983683459 0.0 0.0 0.713416316541
0.0 0.0 0.0278600167842 0.0 0.0 0.713539983216
0.0 0.0 0.0277192709799 0.0 0.0 0.71368072902
0.0 0.0 0.027561641885 0.0 0.0 0.713838358115
0.0 0.0 0.0273873484348 0.0 0.0 0.714012651565
0.0 0.0 0.0271966322241 0.0 0.0 0.714203367776
0.0 0.0 0.0269897570286 0.0 0.0 0.714410242971
0.0 0.0 0.0267670082852 0.0 0.0 0.714632991715
0.0 0.0 0.0265286925345 0.0 0.0 0.714871307465
0.0 0.0 0.0262751368257 0.0 0.0 0.715124863174
0.0 0.0 0.0260066880884 0.0 0.0 0.715393311911
0.0 0.0 0.0257237124706 0.0 0.0 0.715676287529
0.0 0.0 0.0254265946485 0.0 0.0 0.715973405351
0.0 0.0 0.0251157371077 0.0 0.0 0.716284262892
0.0 0.0 0.0247915593994 0.0 0.0 0.7166084406
0.0 0.0 0.0244544973745 0.0 0.0 0.716945502625
0.0 0.0 0.0241050023968 0.0 0.0 0.717294997603
0.0 0.0 0.0237435405391 0.0 0.0 0.717656459461
0.0 0.0 0.0233705917634 0.0 0.0 0.718029408236
0.0 0.0 0.022986649089 0.0 0.0 0.718413350911
0.0 0.0 0.0225922177495 0.0 0.0 0.71880778225
0.0 0.0 0.0221878143422 0.0 0.0 0.719212185658
0.0 0.0 0.0217739659715 0.0 0.0 0.719626034028
0.0 0.0 0.0213512093889 0.0 0.0 0.720048790611
0.0 0.0 0.0209200901319 0.0 0.0 0.720479909868
0.0 0.0 0.0204811616634 0.0 0.0 0.720918838336
0.0 0.0 0.0200349845139 0.0 0.0 0.721365015486
0.0 0.0 0.0195821254285 0.0 0.0 0.721817874571
0.0 0.0 0.0191231565208 0.0 0.0 0.722276843479
0.0 0.0 0.018658654434 0.0 0.0 0.722741345566
0.0 0.0 0.0181891995135 0.0 0.0 0.723210800486
0.0 0.0 0.017715374989 0.0 0.0 0.723684625011
0.0 0.0 0.0172377661708 0.0 0.0 0.724162233829
0.0 0.0 0.0167569596595 0.0 0.0 0.72464304034
0.0 0.0 0.0162735425709 0.0 0.0 0.725126457429
0.0 0.0 0.0157881017773 0.0 0.0 0.725611898223
0.0 0.0 0.0153012231658 0.0 0.0 0.726098776834
0.0 0.0 0.0148134909151 0.0 0.0 0.726586509085
0.0 0.0 0.0143254867901 0.0 0.0 0.72707451321
0.0 0.0 0.0138377894571 0.0 0.0 0.727562210543
0.0 0.0 0.0133509738179 0.0 0.0 0.728049026182
0.0 0.0 0.0128656103649 0.0 0.0 0.728534389635
0.0 0.0 0.0123822645562 0.0 0.0 0.729017735444
0.0 0.0 0.0119014962124 0.0 0.0 0.729498503787
0.0 0.0 0.011423858934 0.0 0.0 0.729976141066
0.0 0.0 0.0109498995398 0.0 0.0 0.73045010046
0.0 0.0 0.0104801575269 0.0 0.0 0.730919842473
0.0 0.0 0.0100151645519 0.0 0.0 0.731384835448
0.0 0.0 0.00955544393225 0.0 0.0 0.731844556068
0.0 0.0 0.00910151016944 0.0 0.0 0.73229848983
0.0 0.0 0.00865386849211 0.0 0.0 0.732746131508
0.0 0.0 0.00821301441968 0.0 0.0 0.73318698558
0.0 0.0 0.00777943334583 0.0 0.0 0.733620566654
0.0 0.0 0.00735360014163 0.0 0.0 0.734046399858
0.0 0.0 0.00693597877779 0.0 0.0 0.734464021222
0.0 0.0 0.00652702196568 0.0 0.0 0.734872978034
0.0 0.0 0.00612717081658 0.0 0.0 0.735272829183
0.0 0.0 0.00573685451871 0.0 0.0 0.735663145481
0.0 0.0 0.00535649003158 0.0 0.0 0.736043509968
0.0 0.0 0.00498648179708 0.0 0.0 0.736413518203
0.0 0.0 0.00462722146675 0.0 0.0 0.736772778533
0.0 0.0 0.00427908764487 0.0 0.0 0.737120912355
0.0 0.0 0.00394244564655 0.0 0.0 0.737457554353
0.0 0.0 0.00361764727058 0.0 0.0 0.737782352729
0.0 0.0 0.00330503058627 0.0 0.0 0.738094969414
0.0 0.0 0.00300491973391 0.0 0.0 0.738395080266
0.0 0.0 0.00271762473817 0.0 0.0 0.738682375262
0.0 0.0 0.00244344133413 0.0 0.0 0.738956558666
0.0 0.0 0.00218265080522 0.0 0.0 0.739217349195
0.0 0.0 0.00193551983272 0.0 0.0 0.739464480167
0.0 0.0 0.00170230035634 0.0 0.0 0.739697699643
0.0 0.0 0.00148322944536 0.0 0.0 0.739916770554
0.0 0.0 0.00127852917997 0.0 0.0 0.74012147082
0.0 0.0 0.0010884065423 0.0 0.0 0.740311593458
0.0 0.0 0.00091305331692 0.0 0.0 0.740486946683
0.0 0.0 0.000752646000183 0.0 0.0 0.740647354
0.0 0.0 0.000607345718356 0.0 0.0 0.740792654281
0.0 0.0 0.000477298153982 0.0 0.0 0.740922701846
0.0 0.0 0.00036263348032 0.0 0.0 0.74103736652
0.0 0.0 0.000263466303529 0.0 0.0 0.741136533696
0.0 0.0 0.000179895612389 0.0 0.0 0.741220104387
0.0 0.0 0.000112004735331 0.0 0.0 0.741287995264
0.0 0.0 5.98613045939e-05 0.0 0.0 0.741340138695
0.0 0.0 2.3517227359e-05 0.0 0.0 0.741376482772
0.0 0.0 3.00866372768e-06 0.0 0.0 0.741396991336
0.0 0.0 -1.64398854957e-06 0.0 0.0 0.741401643988
0.0 0.0 9.56389733743e-06 0.0 0.0 0.741390436102
0.0 0.0 3.66211753131e-05 0.0 0.0 0.741363378825
0.0 0.0 7.95009311055e-05 0.0 0.0 0.741320499069
0.0 0.0 0.00013816049359 0.0 0.0 0.741261839506
0.0 0.0 0.000212541452842 0.0 0.0 0.741187458547
0.0 0.0 0.000302569684971 0.0 0.0 0.741097430315
0.0 0.0 0.00040815538386 0.0 0.0 0.740991844616
0.0 0.0 0.000529193099925 0.0 0.0 0.7408708069
0.0 0.0 0.000665561786091 0.0 0.0 0.740734438214
0.0 0.0 0.000817124851152 0.0 0.0 0.740582875149
0.0 0.0 0.000983730220765 0.0 0.0 0.740416269779
0.0 0.0 0.0011652104063 0.0 0.0 0.740234789594
0.0 0.0 0.00136138258186 0.0 0.0 0.740038617418
0.0 0.0 0.00157204866974 0.0 0.0 0.73982795133
0.0 0.0 0.00179699543467 0.0 0.0 0.739603004565
0.0 0.0 0.00203599458725 0.0 0.0 0.739364005413
0.0 0.0 0.00228880289677 0.0 0.0 0.739111197103
0.0 0.0 0.00255516231414 0.0 0.0 0.738844837686
0.0 0.0 0.00283480010499 0.0 0.0 0.738565199895
0.0 0.0 0.00312742899367 0.0 0.0 0.738272571006
0.0 0.0 0.00343274731841 0.0 0.0 0.737967252681
0.0 0.0 0.00375043919828 0.0 0.0 0.737649560802
0.0 0.0 0.00408017471232 0.0 0.0 0.737319825287
0.0 0.0 0.00442161009142 0.0 0.0 0.736978389908
0.0 0.0 0.0047743879234 0.0 0.0 0.736625612076
0.0 0.0 0.00513813737194 0.0 0.0 0.736261862628
0.0 0.0 0.00551247440973 0.0 0.0 0.73588752559
0.0 0.0 0.0058970020665 0.0 0.0 0.735502997933
0.0 0.0 0.00629131069244 0.0 0.0 0.735108689307
0.0 0.0 0.00669497823754 0.0 0.0 0.734705021762
0.0 0.0 0.00710757054734 0.0 0.0 0.734292429452
0.0 0.0 0.00752864167571 0.0 0.0 0.733871358324
0.0 0.0 0.00795773421507 0.0 0.0 0.733442265785
0.0 0.0 0.00839437964465 0.0 0.0 0.733005620355
0.0 0.0 0.00883809869716 0.0 0.0 0.732561901303
0.0 0.0 0.00928840174437 0.0 0.0 0.732111598255
0.0 0.0 0.00974478920211 0.0 0.0 0.731655210798
0.0 0.0 0.0102067519549 0.0 0.0 0.731193248045
0.0 0.0 0.0106737718007 0.0 0.0 0.730726228199
0.0 0.0 0.0111453219163 0.0 0.0 0.730254678084
0.0 0.0 0.0116208673427 0.0 0.0 0.729779132657
0.0 0.0 0.0120998654924 0.0 0.0 0.729300134507
0.0 0.0 0.0125817666767 0.0 0.0 0.728818233323
0.0 0.0 0.013066014655 0.0 0.0 0.728333985345
0.0 0.0 0.0135520472046 0.0 0.0 0.727847952795
0.0 0.0 0.0140392967122 0.0 0.0 0.727360703288
0.0 0.0 0.014527190786 0.0 0.0 0.726872809214
0.0 0.0 0.0150151528887 0.0 0.0 0.726384847111
0.0 0.0 0.0155026029915 0.0 0.0 0.725897397008
0.0 0.0 0.0159889582475 0.0 0.0 0.725411041752
0.0 0.0 0.0164736336855 0.0 0.0 0.724926366314
0.0 0.0 0.0169560429222 0.0 0.0 0.724443957078
0.0 0.0 0.0174355988938 0.0 0.0 0.723964401106
0.0 0.0 0.0179117146045 0.0 0.0 0.723488285395
0.0 0.0 0.0183838038923 0.0 0.0 0.723016196108
0.0 0.0 0.01885128221 0.0 0.0 0.72254871779
0.0 0.0 0.019313567422 0.0 0.0 0.722086432578
0.0 0.0 0.0197700806134 0.0 0.0 0.721629919386
0.0 0.0 0.020220246912 0.0 0.0 0.721179753088
0.0 0.0 0.0206634963213 0.0 0.0 0.720736503678
0.0 0.0 0.0210992645617 0.0 0.0 0.720300735438
0.0 0.0 0.0215269939203 0.0 0.0 0.71987300608
0.0 0.0 0.0219461341058 0.0 0.0 0.719453865894
0.0 0.0 0.0223561431079 0.0 0.0 0.719043856892
0.0 0.0 0.0227564880581 0.0 0.0 0.718643511942
0.0 0.0 0.0231466460908 0.0 0.0 0.718253353909
0.0 0.0 0.0235261052022 0.0 0.0 0.717873894798
0.0 0.0 0.0238943651044 0.0 0.0 0.717505634895
0.0 0.0 0.0242509380736 0.0 0.0 0.717149061926
0.0 0.0 0.0245953497884 0.0 0.0 0.716804650211
0.0 0.0 0.0249271401571 0.0 0.0 0.716472859843
0.0 0.0 0.0252458641314 0.0 0.0 0.716154135868
0.0 0.0 0.0255510925034 0.0 0.0 0.715848907496
0.0 0.0 0.0258424126839 0.0 0.0 0.715557587316
0.0 0.0 0.0261194294599 0.0 0.0 0.71528057054
0.0 0.0 0.0263817657278 0.0 0.0 0.715018234272
0.0 0.0 0.0266290632011 0.0 0.0 0.714770936799
0.0 0.0 0.026860983089 0.0 0.0 0.714539016911
0.0 0.0 0.027077206745 0.0 0.0 0.714322793255
0.0 0.0 0.0272774362811 0.0 0.0 0.714122563719
0.0 0.0 0.0274613951484 0.0 0.0 0.713938604851
0.0 0.0 0.0276288286784 0.0 0.0 0.713771171321
0.0 0.0 0.0277795045867 0.0 0.0 0.713620495413
0.0 0.0 0.0279132134339 0.0 0.0 0.713486786566
0.0 0.0 0.0280297690449 0.0 0.0 0.713370230955
0.0 0.0 0.0281290088824 0.0 0.0 0.713270991117
0.0 0.0 0.0282107943751 0.0 0.0 0.713189205625
