0.0 0.0 0.0 0.0 0.0 0.81554
0.0 0.0 4.559935999e-05 0.0 0.0 0.81549440064
0.0 0.0 0.000136769014827 0.0 0.0 0.815403230985
0.0 0.0 0.000273450805343 0.0 0.0 0.815266549195
0.0 0.0 0.000455557420622 0.0 0.0 0.815084442579
0.0 0.0 0.000682972311502 0.0 0.0 0.814857027688
0.0 0.0 0.000955549575416 0.0 0.0 0.814584450425
0.0 0.0 0.00127311381272 0.0 0.0 0.814266886187
0.0 0.0 0.00163545995472 0.0 0.0 0.813904540045
0.0 0.0 0.00204235306358 0.0 0.0 0.813497646936
0.0 0.0 0.0024935281045 0.0 0.0 0.813046471895
0.0 0.0 0.0029886896904 0.0 0.0 0.81255131031
0.0 0.0 0.0035275117996 0.0 0.0 0.8120124882
0.0 0.0 0.00410963746698 0.0 0.0 0.811430362533
0.0 0.0 0.00473467844901 0.0 0.0 0.810805321551
0.0 0.0 0.00540221486359 0.0 0.0 0.810137785136
0.0 0.0 0.00611179480512 0.0 0.0 0.809428205195
0.0 0.0 0.0068629339358 0.0 0.0 0.808677066064
0.0 0.0 0.00765511505409 0.0 0.0 0.807884884946
0.0 0.0 0.00848778764141 0.0 0.0 0.807052212359
0.0 0.0 0.00936036738821 0.0 0.0 0.806179632612
0.0 0.0 0.0102722357009 0.0 0.0 0.805267764299
0.0 0.0 0.011222739191 0.0 0.0 0.804317260809
0.0 0.0 0.0122111891486 0.0 0.0 0.803328810851
0.0 0.0 0.0132368610015 0.0 0.0 0.802303138998
0.0 0.0 0.0142989937627 0.0 0.0 0.801241006237
0.0 0.0 0.0153967894681 0.0 0.0 0.800143210532
0.0 0.0 0.0165294126077 0.0 0.0 0.799010587392
0.0 0.0 0.0176959895524 0.0 0.0 0.797844010448
0.0 0.0 0.0188956079805 0.0 0.0 0.79664439202
0.0 0.0 0.0201273163063 0.0 0.0 0.795412683694
0.0 0.0 0.0213901231161 0.0 0.0 0.794149876884
0.0 0.0 0.022682996614 0.0 0.0 0.792857003386
0.0 0.0 0.0240048640841 0.0 0.0 0.791535135916
0.0 0.0 0.0253546113722 0.0 0.0 0.790185388628
0.0 0.0 0.0267310823938 0.0 0.0 0.788808917606
0.0 0.0 0.0281330786733 0.0 0.0 0.787406921327
0.0 0.0 0.029559358921 0.0 0.0 0.785980641079
0.0 0.0 0.0310086386547 0.0 0.0 0.784531361345
0.0 0.0 0.0324795898732 0.0 0.0 0.783060410127
0.0 0.0 0.0339708407889 0.0 0.0 0.781569159211
0.0 0.0 0.0354809756274 0.0 0.0 0.780059024373
0.0 0.0 0.0370085345041 0.0 0.0 0.778531465496
0.0 0.0 0.0385520133851 0.0 0.0 0.776987986615
0.0 0.0 0.0401098641428 0.0 0.0 0.775430135857
0.0 0.0 0.0416804947161 0.0 0.0 0.773859505284
0.0 0.0 0.0432622693853 0.0 0.0 0.772277730615
0.0 0.0 0.044853509172 0.0 0.0 0.770686490828
0.0 0.0 0.046452492376 0.0 0.0 0.769087507624
0.0 0.0 0.0480574552588 0.0 0.0 0.767482544741
0.0 0.0 0.0496665928869 0.0 0.0 0.765873407113
0.0 0.0 0.0512780601442 0.0 0.0 0.764261939856
0.0 0.0 0.0528899729269 0.0 0.0 0.762650027073
0.0 0.0 0.0545004095314 0.0 0.0 0.761039590469
0.0 0.0 0.0561074122452 0.0 0.0 0.759432587755
0.0 0.0 0.0577089891537 0.0 0.0 0.757831010846
0.0 0.0 0.0593031161714 0.0 0.0 0.756236883829
0.0 0.0 0.0608877393069 0.0 0.0 0.754652260693
0.0 0.0 0.0624607771718 0.0 0.0 0.753079222828
0.0 0.0 0.0640201237398 0.0 0.0 0.75151987626
0.0 0.0 0.0655636513626 0.0 0.0 0.749976348637
0.0 0.0 0.0670892140483 0.0 0.0 0.748450785952
0.0 0.0 0.0685946510043 0.0 0.0 0.746945348996
0.0 0.0 0.070077790448 0.0 0.0 0.745462209552
0.0 0.0 0.0715364536829 0.0 0.0 0.744003546317
0.0 0.0 0.0729684594385 0.0 0.0 0.742571540562
0.0 0.0 0.0743716284687 0.0 0.0 0.741168371531
0.0 0.0 0.0757437884 0.0 0.0 0.7397962116
0.0 0.0 0.07708277882 0.0 0.0 0.73845722118
0.0 0.0 0.078386456592 0.0 0.0 0.737153543408
0.0 0.0 0.0796527013787 0.0 0.0 0.735887298621
0.0 0.0 0.0808794213563 0.0 0.0 0.734660578644
0.0 0.0 0.0820645590953 0.0 0.0 0.733475440905
0.0 0.0 0.0832060975825 0.0 0.0 0.732333902418
0.0 0.0 0.084302066354 0.0 0.0 0.731237933646
0.0 0.0 0.085350547709 0.0 0.0 0.730189452291
0.0 0.0 0.0863496829671 0.0 0.0 0.729190317033
0.0 0.0 0.0872976787332 0.0 0.0 0.728242321267
0.0 0.0 0.0881928131302 0.0 0.0 0.72734718687
0.0 0.0 0.0890334419557 0.0 0.0 0.726506558044
0.0 0.0 0.0898180047221 0.0 0.0 0.725721995278
0.0 0.0 0.0905450305333 0.0 0.0 0.724994969467
0.0 0.0 0.0912131437538 0.0 0.0 0.724326856246
0.0 0.0 0.0918210694256 0.0 0.0 0.723718930574
0.0 0.0 0.0923676383875 0.0 0.0 0.723172361613
0.0 0.0 0.0928517920532 0.0 0.0 0.722688207947
0.0 0.0 0.0932725868082 0.0 0.0 0.722267413192
0.0 0.0 0.0936291979837 0.0 0.0 0.721910802016
0.0 0.0 0.0939209233742 0.0 0.0 0.721619076626
0.0 0.0 0.0941471862637 0.0 0.0 0.721392813736
0.0 0.0 0.0943075379332 0.0 0.0 0.721232462067
0.0 0.0 0.094401659626 0.0 0.0 0.721138340374
0.0 0.0 0.0944293639504 0.0 0.0 0.72111063605
0.0 0.0 0.0943905957072 0.0 0.0 0.721149404293
0.0 0.0 0.0942854321344 0.0 0.0 0.721254567866
0.0 0.0 0.0941140825653 0.0 0.0 0.721425917435
0.0 0.0 0.0938768875041 0.0 0.0 0.721663112496
0.0 0.0 0.0935743171287 0.0 0.0 0.721965682871
0.0 0.0 0.0932069692336 0.0 0.0 0.722333030766
0.0 0.0 0.0927755666346 0.0 0.0 0.722764433365
0.0 0.0 0.0922809540579 0.0 0.0 0.723259045942
0.0 0.0 0.0917240945452 0.0 0.0 0.723815905455
0.0 0.0 0.0911060654059 0.0 0.0 0.724433934594
0.0 0.0 0.0904280537547 0.0 0.0 0.725111946245
0.0 0.0 0.0896913516729 0.0 0.0 0.725848648327
0.0 0.0 0.0888973510373 0.0 0.0 0.726642648963
0.0 0.0 0.0880475380579 0.0 0.0 0.727492461942
0.0 0.0 0.0871434875709 0.0 0.0 0.728396512429
0.0 0.0 0.086186857132 0.0 0.0 0.729353142868
0.0 0.0 0.0851793809537 0.0 0.0 0.730360619046
0.0 0.0 0.0841228637328 0.0 0.0 0.731417136267
0.0 0.0 0.0830191744099 0.0 0.0 0.73252082559
0.0 0.0 0.0818702399028 0.0 0.0 0.733669760097
0.0 0.0 0.0806780388536 0.0 0.0 0.734861961146
0.0 0.0 0.0794445954266 0.0 0.0 0.736095404573
0.0 0.0 0.0781719731913 0.0 0.0 0.737368026809
0.0 0.0 0.0768622691219 0.0 0.0 0.738677730878
0.0 0.0 0.0755176077426 0.0 0.0 0.740022392257
0.0 0.0 0.074140135444 0.0 0.0 0.741399864556
0.0 0.0 0.0727320149924 0.0 0.0 0.742807985008
0.0 0.0 0.071295420252 0.0 0.0 0.744244579748
0.0 0.0 0.0698325311358 0.0 0.0 0.745707468864
0.0 0.0 0.0683455287979 0.0 0.0 0.747194471202
0.0 0.0 0.0668365910777 0.0 0.0 0.748703408922
0.0 0.0 0.0653078882043 0.0 0.0 0.750232111796
0.0 0.0 0.0637615787632 0.0 0.0 0.751778421237
0.0 0.0 0.0621998059315 0.0 0.0 0.753340194069
0.0 0.0 0.0606246939784 0.0 0.0 0.754915306022
0.0 0.0 0.0590383450308 0.0 0.0 0.756501654969
0.0 0.0 0.0574428361011 0.0 0.0 0.758097163899
0.0 0.0 0.0558402163695 0.0 0.0 0.759699783631
0.0 0.0 0.0542325047168 0.0 0.0 0.761307495283
0.0 0.0 0.0526216874987 0.0 0.0 0.762918312501
0.0 0.0 0.0510097165526 0.0 0.0 0.764530283447
0.0 0.0 0.0493985074279 0.0 0.0 0.766141492572
0.0 0.0 0.0477899378287 0.0 0.0 0.767750062171
0.0 0.0 0.0461858462599 0.0 0.0 0.76935415374
0.0 0.0 0.0445880308628 0.0 0.0 0.770951969137
0.0 0.0 0.0429982484317 0.0 0.0 0.772541751568
0.0 0.0 0.0414182135985 0.0 0.0 0.774121786402
0.0 0.0 0.0398495981734 0.0 0.0 0.775690401827
0.0 0.0 0.0382940306327 0.0 0.0 0.777245969367
0.0 0.0 0.0367530957397 0.0 0.0 0.77878690426
0.0 0.0 0.0352283342897 0.0 0.0 0.78031166571
0.0 0.0 0.0337212429685 0.0 0.0 0.781818757032
0.0 0.0 0.0322332743124 0.0 0.0 0.783306725688
0.0 0.0 0.0307658367625 0.0 0.0 0.784774163237
0.0 0.0 0.0293202948017 0.0 0.0 0.786219705198
0.0 0.0 0.0278979691662 0.0 0.0 0.787642030834
0.0 0.0 0.0265001371236 0.0 0.0 0.789039862876
0.0 0.0 0.025128032809 0.0 0.0 0.790411967191
0.0 0.0 0.0237828476107 0.0 0.0 0.791757152389
0.0 0.0 0.0224657306 0.0 0.0 0.7930742694
0.0 0.0 0.0211777889982 0.0 0.0 0.794362211002
0.0 0.0 0.0199200886725 0.0 0.0 0.795619911328
0.0 0.0 0.0186936546586 0.0 0.0 0.796846345341
0.0 0.0 0.0174994717012 0.0 0.0 0.798040528299
0.0 0.0 0.0163384848104 0.0 0.0 0.79920151519
0.0 0.0 0.0152115998269 0.0 0.0 0.800328400173
0.0 0.0 0.0141196839944 0.0 0.0 0.801420316006
0.0 0.0 0.0130635665329 0.0 0.0 0.802476433467
0.0 0.0 0.0120440392116 0.0 0.0 0.803495960788
0.0 0.0 0.0110618569166 0.0 0.0 0.804478143083
0.0 0.0 0.0101177382122 0.0 0.0 0.805422261788
0.0 0.0 0.00921236589124 0.0 0.0 0.806327634109
0.0 0.0 0.00834638751359 0.0 0.0 0.807193612486
0.0 0.0 0.00752041593064 0.0 0.0 0.808019584069
0.0 0.0 0.00673502979304 0.0 0.0 0.808804970207
0.0 0.0 0.00599077404076 0.0 0.0 0.809549225959
0.0 0.0 0.00528816037359 0.0 0.0 0.810251839626
0.0 0.0 0.00462766770102 0.0 0.0 0.810912332299
0.0 0.0 0.00400974256995 0.0 0.0 0.81153025743
0.0 0.0 0.00343479956958 0.0 0.0 0.81210520043
0.0 0.0 0.00290322171216 0.0 0.0 0.812636778288
0.0 0.0 0.00241536078913 0.0 0.0 0.813124639211
0.0 0.0 0.0019715377017 0.0 0.0 0.813568462298
0.0 0.0 0.00157204276532 0.0 0.0 0.813967957235
0.0 0.0 0.00121713598758 0.0 0.0 0.814322864012
0.0 0.0 0.00090704731892 0.0 0.0 0.814632952681
0.0 0.0 0.000641976875896 0.0 0.0 0.814898023124
0.0 0.0 0.000422095136595 0.0 0.0 0.815117904863
0.0 0.0 0.000247543107913 0.0 0.0 0.815292456892
0.0 0.0 0.000118432464496 0.0 0.0 0.815421567536
0.0 0.0 3.48456591358e-05 0.0 0.0 0.815505154341
0.0 0.0 -3.16399551874e-06 0.0 0.0 0.815543163996
0.0 0.0 4.42772596926e-06 0.0 0.0 0.815535572274
0.0 0.0 5.76159858967e-05 0.0 0.0 0.815482384014
0.0 0.0 0.000156366878613 0.0 0.0 0.815383633121
0.0 0.0 0.000300617396832 0.0 0.0 0.815239382603
0.0 0.0 0.000490275369116 0.0 0.0 0.815049724631
0.0 0.0 0.000725219368595 0.0 0.0 0.814814780631
0.0 0.0 0.00100529859305 0.0 0.0 0.814534701407
0.0 0.0 0.00133033271652 0.0 0.0 0.814209667283
0.0 0.0 0.00170011171261 0.0 0.0 0.813839888287
0.0 0.0 0.00211439564979 0.0 0.0 0.81342560435
0.0 0.0 0.00257291445896 0.0 0.0 0.812967085541
0.0 0.0 0.00307536767359 0.0 0.0 0.812464632326
0.0 0.0 0.003621424143 0.0 0.0 0.811918575857
0.0 0.0 0.00421072171904 0.0 0.0 0.811329278281
0.0 0.0 0.00484286691699 0.0 0.0 0.810697133083
0.0 0.0 0.00551743455113 0.0 0.0 0.810022565449
0.0 0.0 0.00623396734586 0.0 0.0 0.809306032654
0.0 0.0 0.00699197552307 0.0 0.0 0.808548024477
0.0 0.0 0.00779093636697 0.0 0.0 0.807749063633
0.0 0.0 0.00863029376718 0.0 0.0 0.806909706233
0.0 0.0 0.00950945774158 0.0 0.0 0.806030542258
0.0 0.0 0.0104278039401 0.0 0.0 0.80511219606
0.0 0.0 0.0113846731314 0.0 0.0 0.804155326869
0.0 0.0 0.0123793706734 0.0 0.0 0.803160629327
0.0 0.0 0.0134111659704 0.0 0.0 0.80212883403
0.0 0.0 0.014479291919 0.0 0.0 0.801060708081
0.0 0.0 0.0155829443447 0.0 0.0 0.799957055655
0.0 0.0 0.0167212814314 0.0 0.0 0.798818718569
0.0 0.0 0.0178934231488 0.0 0.0 0.797646576851
0.0 0.0 0.0190984506781 0.0 0.0 0.796441549322
0.0 0.0 0.0203354058427 0.0 0.0 0.795204594157
0.0 0.0 0.0216032905442 0.0 0.0 0.793936709456
0.0 0.0 0.0229010662119 0.0 0.0 0.792638933788
0.0 0.0 0.0242276532667 0.0 0.0 0.791312346733
0.0 0.0 0.0255819306079 0.0 0.0 0.789958069392
0.0 0.0 0.0269627351249 0.0 0.0 0.788577264875
0.0 0.0 0.0283688612431 0.0 0.0 0.787171138757
0.0 0.0 0.0297990605076 0.0 0.0 0.785740939492
0.0 0.0 0.0312520412127 0.0 0.0 0.784287958787
0.0 0.0 0.0327264680849 0.0 0.0 0.782813531915
0.0 0.0 0.034220962026 0.0 0.0 0.781319037974
0.0 0.0 0.035734099925 0.0 0.0 0.779805900075
0.0 0.0 0.0372644145481 0.0 0.0 0.778275585452
0.0 0.0 0.0388103945145 0.0 0.0 0.776729605485
0.0 0.0 0.0403704843688 0.0 0.0 0.775169515631
0.0 0.0 0.0419430847599 0.0 0.0 0.77359691524
0.0 0.0 0.0435265527353 0.0 0.0 0.772013447265
0.0 0.0 0.0451192021638 0.0 0.0 0.770420797836
0.0 0.0 0.0467193042955 0.0 0.0 0.768820695704
0.0 0.0 0.0483250884711 0.0 0.0 0.767214911529
0.0 0.0 0.0499347429929 0.0 0.0 0.765605257007
0.0 0.0 0.0515464161666 0.0 0.0 0.763993583833
0.0 0.0 0.0531582175276 0.0 0.0 0.762381782472
0.0 0.0 0.0547682192615 0.0 0.0 0.760771780738
0.0 0.0 0.0563744578312 0.0 0.0 0.759165542169
0.0 0.0 0.0579749358195 0.0 0.0 0.75756506418
0.0 0.0 0.0595676239985 0.0 0.0 0.755972376001
0.0 0.0 0.0611504636356 0.0 0.0 0.754389536364
0.0 0.0 0.0627213690426 0.0 0.0 0.752818630957
0.0 0.0 0.0642782303774 0.0 0.0 0.751261769622
0.0 0.0 0.0658189167035 0.0 0.0 0.749721083296
0.0 0.0 0.0673412793122 0.0 0.0 0.748198720688
0.0 0.0 0.0688431553097 0.0 0.0 0.74669684469
0.0 0.0 0.0703223714727 0.0 0.0 0.745217628527
0.0 0.0 0.0717767483678 0.0 0.0 0.743763251632
0.0 0.0 0.0732041047357 0.0 0.0 0.742335895264
0.0 0.0 0.0746022621315 0.0 0.0 0.740937737868
0.0 0.0 0.0759690498135 0.0 0.0 0.739570950186
0.0 0.0 0.0773023098705 0.0 0.0 0.738237690129
0.0 0.0 0.0785999025727 0.0 0.0 0.736940097427
0.0 0.0 0.0798597119282 0.0 0.0 0.735680288072
0.0 0.0 0.0810796514266 0.0 0.0 0.734460348573
0.0 0.0 0.0822576699455 0.0 0.0 0.733282330054
0.0 0.0 0.0833917577926 0.0 0.0 0.732148242207
0.0 0.0 0.0844799528547 0.0 0.0 0.731060047145
0.0 0.0 0.0855203468214 0.0 0.0 0.730019653178
0.0 0.0 0.086511091446 0.0 0.0 0.729028908554
0.0 0.0 0.0874504048083 0.0 0.0 0.728089595192
0.0 0.0 0.0883365775369 0.0 0.0 0.727203422463
0.0 0.0 0.0891679789505 0.0 0.0 0.726372021049
0.0 0.0 0.0899430630731 0.0 0.0 0.725596936927
0.0 0.0 0.0906603744793 0.0 0.0 0.72487962552
0.0 0.0 0.0913185539255 0.0 0.0 0.724221446074
0.0 0.0 0.0919163437189 0.0 0.0 0.723623656281
0.0 0.0 0.0924525927842 0.0 0.0 0.723087407216
0.0 0.0 0.0929262613803 0.0 0.0 0.722613738619
0.0 0.0 0.0933364254297 0.0 0.0 0.72220357457
0.0 0.0 0.0936822804191 0.0 0.0 0.721857719581
0.0 0.0 0.0939631448369 0.0 0.0 0.721576855163
0.0 0.0 0.0941784631152 0.0 0.0 0.721361536885
0.0 0.0 0.0943278080485 0.0 0.0 0.721212191951
0.0 0.0 0.0944108826665 0.0 0.0 0.721129117333
0.0 0.0 0.0944275215417 0.0 0.0 0.721112478458
0.0 0.0 0.0943776915209 0.0 0.0 0.721162308479
0.0 0.0 0.0942614918713 0.0 0.0 0.721278508128
0.0 0.0 0.0940791538422 0.0 0.0 0.721460846158
0.0 0.0 0.0938310396436 0.0 0.0 0.721708960356
0.0 0.0 0.0935176408554 0.0 0.0 0.722022359144
0.0 0.0 0.0931395762787 0.0 0.0 0.722400423721
0.0 0.0 0.092697589253 0.0 0.0 0.722842410747
0.0 0.0 0.0921925444626 0.0 0.0 0.723347455537
0.0 0.0 0.0916254242639 0.0 0.0 0.723914575736
0.0 0.0 0.0909973245658 0.0 0.0 0.724542675434
0.0 0.0 0.090309450302 0.0 0.0 0.725230549698
0.0 0.0 0.0895631105341 0.0 0.0 0.725976889466
0.0 0.0 0.0887597132285 0.0 0.0 0.726780286771
0.0 0.0 0.0879007597508 0.0 0.0 0.727639240249
0.0 0.0 0.0869878391222 0.0 0.0 0.728552160877
0.0 0.0 0.0860226220835 0.0 0.0 0.729517377916
0.0 0.0 0.0850068550114 0.0 0.0 0.730533144988
0.0 0.0 0.0839423537315 0.0 0.0 0.731597646268
0.0 0.0 0.0828309972707 0.0 0.0 0.732709002729
0.0 0.0 0.0816747215903 0.0 0.0 0.733865278409
0.0 0.0 0.080475513339 0.0 0.0 0.735064486661
0.0 0.0 0.0792354036625 0.0 0.0 0.736304596337
0.0 0.0 0.0779564621038 0.0 0.0 0.737583537896
0.0 0.0 0.0766407906253 0.0 0.0 0.738899209374
0.0 0.0 0.0752905177806 0.0 0.0 0.740249482219
0.0 0.0 0.0739077930619 0.0 0.0 0.741632206938
0.0 0.0 0.0724947814431 0.0 0.0 0.743045218557
0.0 0.0 0.0710536581394 0.0 0.0 0.74448634186
0.0 0.0 0.069586603597 0.0 0.0 0.745953396403
0.0 0.0 0.0680957987275 0.0 0.0 0.747444201272
0.0 0.0 0.0665834203944 0.0 0.0 0.748956579605
0.0 0.0 0.0650516371611 0.0 0.0 0.750488362839
0.0 0.0 0.0635026053021 0.0 0.0 0.752037394698
0.0 0.0 0.0619384650825 0.0 0.0 0.753601534917
0.0 0.0 0.0603613373026 0.0 0.0 0.755178662697
0.0 0.0 0.058773320108 0.0 0.0 0.756766679892
0.0 0.0 0.0571764860594 0.0 0.0 0.75836351394
0.0 0.0 0.0555728794576 0.0 0.0 0.759967120542
0.0 0.0 0.0539645139171 0.0 0.0 0.761575486083
0.0 0.0 0.0523533701794 0.0 0.0 0.76318662982
0.0 0.0 0.0507413941578 0.0 0.0 0.764798605842
0.0 0.0 0.0491304952042 0.0 0.0 0.766409504795
0.0 0.0 0.0475225445858 0.0 0.0 0.768017455414
0.0 0.0 0.0459193741639 0.0 0.0 0.769620625836
0.0 0.0 0.0443227752605 0.0 0.0 0.771217224739
0.0 0.0 0.0427344977031 0.0 0.0 0.772805502297
0.0 0.0 0.0411562490367 0.0 0.0 0.774383750963
0.0 0.0 0.0395896938896 0.0 0.0 0.77595030611
0.0 0.0 0.038036453484 0.0 0.0 0.777503546516
0.0 0.0 0.0364981052783 0.0 0.0 0.779041894721
0.0 0.0 0.0349761827319 0.0 0.0 0.780563817268
0.0 0.0 0.033472175181 0.0 0.0 0.782067824819
0.0 0.0 0.0319875278154 0.0 0.0 0.783552472184
0.0 0.0 0.0305236417468 0.0 0.0 0.785016358253
0.0 0.0 0.0290818741588 0.0 0.0 0.786458125841
0.0 0.0 0.0276635385307 0.0 0.0 0.787876461469
0.0 0.0 0.0262699049251 0.0 0.0 0.789270095074
0.0 0.0 0.0249022003327 0.0 0.0 0.790637799667
0.0 0.0 0.0235616090665 0.0 0.0 0.791978390933
0.0 0.0 0.022249273198 0.0 0.0 0.793290726802
0.0 0.0 0.0209662930287 0.0 0.0 0.794573706971
0.0 0.0 0.019713727592 0.0 0.0 0.795826272408
0.0 0.0 0.0184925951783 0.0 0.0 0.797047404821
0.0 0.0 0.0173038738788 0.0 0.0 0.798236126121
0.0 0.0 0.0161485021436 0.0 0.0 0.799391497856
0.0 0.0 0.0150273793484 0.0 0.0 0.800512620651
0.0 0.0 0.0139413663671 0.0 0.0 0.801598633632
0.0 0.0 0.0128912861458 0.0 0.0 0.802648713854
0.0 0.0 0.0118779242744 0.0 0.0 0.803662075725
0.0 0.0 0.010902029554 0.0 0.0 0.804637970446
0.0 0.0 0.00996431455594 0.0 0.0 0.805575685444
0.0 0.0 0.00906545617083 0.0 0.0 0.806474543829
0.0 0.0 0.00820609614473 0.0 0.0 0.807333903855
0.0 0.0 0.00738684160082 0.0 0.0 0.808153158399
0.0 0.0 0.00660826554443 0.0 0.0 0.808931734455
0.0 0.0 0.00587090734993 0.0 0.0 0.80966909265
0.0 0.0 0.00517527322788 0.0 0.0 0.810364726772
0.0 0.0 0.00452183667127 0.0 0.0 0.811018163328
0.0 0.0 0.00391103887957 0.0 0.0 0.81162896112
0.0 0.0 0.00334328915956 0.0 0.0 0.81219671084
0.0 0.0 0.00281896530216 0.0 0.0 0.812721034697
0.0 0.0 0.00233841393425 0.0 0.0 0.813201586065
0.0 0.0 0.00190195084501 0.0 0.0 0.813638049154
0.0 0.0 0.00150986128598 0.0 0.0 0.814030138714
0.0 0.0 0.00116240024446 0.0 0.0 0.814377599755
0.0 0.0 0.000859792689708 0.0 0.0 0.81468020731
0.0 0.0 0.00060223379155 0.0 0.0 0.814937766208
0.0 0.0 0.000389889111152 0.0 0.0 0.815150110888
0.0 0.0 0.00022289476359 0.0 0.0 0.815317105236
0.0 0.0 0.000101357552054 0.0 0.0 0.815438642447
0.0 0.0 2.53550734721e-05 0.0 0.0 0.815514644926
0.0 0.0 -5.06420455458e-06 0.0 0.0 0.815545064204
0.0 0.0 1.01191043702e-05 0.0 0.0 0.815529880895
0.0 0.0 7.08953247073e-05 0.0 0.0 0.815469104675
0.0 0.0 0.000177225709365 0.0 0.0 0.81536277429
0.0 0.0 0.000329042401209 0.0 0.0 0.815210957598
0.0 0.0 0.000526248365747 0.0 0.0 0.815013751634
0.0 0.0 0.000768717295078 0.0 0.0 0.814771282704
0.0 0.0 0.00105629348322 0.0 0.0 0.814483706516
0.0 0.0 0.00138879167298 0.0 0.0 0.814151208326
0.0 0.0 0.00176599687462 0.0 0.0 0.813774003125
0.0 0.0 0.00218766415646 0.0 0.0 0.813352335843
0.0 0.0 0.00265351840789 0.0 0.0 0.812886481592
0.0 0.0 0.00316325407501 0.0 0.0 0.812376745924
0.0 0.0 0.0037165348694 0.0 0.0 0.81182346513
0.0 0.0 0.00431299345054 0.0 0.0 0.811227006549
0.0 0.0 0.00495223108239 0.0 0.0 0.810587768917
0.0 0.0 0.00563381726484 0.0 0.0 0.809906182735
0.0 0.0 0.00635728934084 0.0 0.0 0.809182710659
0.0 0.0 0.00712215207994 0.0 0.0 0.808417847919
0.0 0.0 0.00792787723939 0.0 0.0 0.80761212276
0.0 0.0 0.00877390310381 0.0 0.0 0.806766096896
0.0 0.0 0.00965963400476 0.0 0.0 0.805880365995
0.0 0.0 0.0105844398216 0.0 0.0 0.804955560178
0.0 0.0 0.0115476554651 0.0 0.0 0.803992344534
0.0 0.0 0.0125485803461 0.0 0.0 0.802991419653
0.0 0.0 0.0135864778302 0.0 0.0 0.801953522169
0.0 0.0 0.0146605746821 0.0 0.0 0.800879425317
0.0 0.0 0.0157700605006 0.0 0.0 0.799769939499
0.0 0.0 0.016914087148 0.0 0.0 0.798625912851
0.0 0.0 0.0180917681766 0.0 0.0 0.797448231823
0.0 0.0 0.0193021782552 0.0 0.0 0.796237821744
0.0 0.0 0.0205443526001 0.0 0.0 0.794995647399
0.0 0.0 0.0218172864134 0.0 0.0 0.793722713586
0.0 0.0 0.0231199343342 0.0 0.0 0.792420065665
0.0 0.0 0.0244512099066 0.0 0.0 0.791088790093
0.0 0.0 0.0258099850693 0.0 0.0 0.78973001493
0.0 0.0 0.0271950896733 0.0 0.0 0.788344910326
0.0 0.0 0.0286053110335 0.0 0.0 0.786934688966
0.0 0.0 0.0300393935193 0.0 0.0 0.78550060648
0.0 0.0 0.0314960381929 0.0 0.0 0.784043961806
0.0 0.0 0.0329739025011 0.0 0.0 0.782566097498
0.0 0.0 0.0344716000302 0.0 0.0 0.781068399969
0.0 0.0 0.0359877003293 0.0 0.0 0.77955229967
0.0 0.0 0.0375207288146 0.0 0.0 0.778019271185
0.0 0.0 0.0390691667606 0.0 0.0 0.776470833239
0.0 0.0 0.0406314513891 0.0 0.0 0.77490854861
0.0 0.0 0.0422059760669 0.0 0.0 0.773334023932
0.0 0.0 0.0437910906207 0.0 0.0 0.771748909379
0.0 0.0 0.0453851017817 0.0 0.0 0.770154898218
0.0 0.0 0.0469862737699 0.0 0.0 0.768553726229
0.0 0.0 0.0485928290296 0.0 0.0 0.76694717097
0.0 0.0 0.0502029491276 0.0 0.0 0.765337050872
0.0 0.0 0.0518147758253 0.0 0.0 0.763725224174
0.0 0.0 0.0534264123365 0.0 0.0 0.762113587663
0.0 0.0 0.0550359247817 0.0 0.0 0.760504075218
0.0 0.0 0.0566413438495 0.0 0.0 0.75889865615
0.0 0.0 0.0582406666776 0.0 0.0 0.757299333322
0.0 0.0 0.05983185896 0.0 0.0 0.755708141039
0.0 0.0 0.0614128572931 0.0 0.0 0.754127142706
0.0 0.0 0.0629815717665 0.0 0.0 0.752558428233
0.0 0.0 0.0645358888074 0.0 0.0 0.751004111192
0.0 0.0 0.066073674283 0.0 0.0 0.749466325716
0.0 0.0 0.0675927768671 0.0 0.0 0.747947223132
0.0 0.0 0.0690910316719 0.0 0.0 0.746448968327
0.0 0.0 0.070566264147 0.0 0.0 0.744973735852
0.0 0.0 0.072016294244 0.0 0.0 0.743523705755
0.0 0.0 0.0734389408436 0.0 0.0 0.742101059156
0.0 0.0 0.074832026437 0.0 0.0 0.740707973562
0.0 0.0 0.0761933820568 0.0 0.0 0.739346617942
0.0 0.0 0.0775208524415 0.0 0.0 0.738019147558
0.0 0.0 0.0788123014219 0.0 0.0 0.736727698577
0.0 0.0 0.0800656175107 0.0 0.0 0.735474382489
0.0 0.0 0.0812787196751 0.0 0.0 0.734261280324
0.0 0.0 0.0824495632667 0.0 0.0 0.733090436733
0.0 0.0 0.0835761460849 0.0 0.0 0.731963853914
0.0 0.0 0.0846565145398 0.0 0.0 0.730883485459
0.0 0.0 0.0856887698848 0.0 0.0 0.729851230114
0.0 0.0 0.0866710744808 0.0 0.0 0.728868925518
0.0 0.0 0.0876016580547 0.0 0.0 0.727938341945
0.0 0.0 0.0884788239115 0.0 0.0 0.727061176088
0.0 0.0 0.0893009550574 0.0 0.0 0.726239044942
0.0 0.0 0.0900665201901 0.0 0.0 0.725473479809
0.0 0.0 0.0907740795116 0.0 0.0 0.724765920488
0.0 0.0 0.0914222903184 0.0 0.0 0.724117709681
0.0 0.0 0.0920099123238 0.0 0.0 0.723530087675
0.0 0.0 0.0925358126691 0.0 0.0 0.72300418733
0.0 0.0 0.0929989705784 0.0 0.0 0.722541029421
0.0 0.0 0.0933984816196 0.0 0.0 0.72214151838
0.0 0.0 0.09373356153 0.0 0.0 0.721806438469
0.0 0.0 0.0940035495736 0.0 0.0 0.721536450426
0.0 0.0 0.0942079113975 0.0 0.0 0.721332088602
0.0 0.0 0.0943462413619 0.0 0.0 0.721193758637
0.0 0.0 0.094418264319 0.0 0.0 0.72112173568
0.0 0.0 0.094423836826 0.0 0.0 0.721116163173
0.0 0.0 0.0943629477795 0.0 0.0 0.72117705222
0.0 0.0 0.094235718464 0.0 0.0 0.721304281535
0.0 0.0 0.094042402016 0.0 0.0 0.721497597983
0.0 0.0 0.0937833823077 0.0 0.0 0.721756617691
0.0 0.0 0.0934591722612 0.0 0.0 0.722080827738
0.0 0.0 0.0930704116097 0.0 0.0 0.722469588389
0.0 0.0 0.092617864128 0.0 0.0 0.722922135871
0.0 0.0 0.0921024143566 0.0 0.0 0.723437585643
0.0 0.0 0.0915250638523 0.0 0.0 0.724014936147
0.0 0.0 0.0908869269979 0.0 0.0 0.724653073001
0.0 0.0 0.0901892264105 0.0 0.0 0.725350773589
0.0 0.0 0.0894332879868 0.0 0.0 0.726106712012
0.0 0.0 0.0886205356306 0.0 0.0 0.726919464369
0.0 0.0 0.0877524857035 0.0 0.0 0.727787514296
0.0 0.0 0.0868307412471 0.0 0.0 0.728709258752
0.0 0.0 0.0858569860186 0.0 0.0 0.729683013981
0.0 0.0 0.0848329783875 0.0 0.0 0.730707021612
0.0 0.0 0.083760545135 0.0 0.0 0.731779454864
0.0 0.0 0.0826415752004 0.0 0.0 0.732898424799
0.0 0.0 0.0814780134154 0.0 0.0 0.734061986584
0.0 0.0 0.0802718542635 0.0 0.0 0.735268145736
0.0 0.0 0.0790251357028 0.0 0.0 0.736514864296
0.0 0.0 0.0777399330841 0.0 0.0 0.737800066915
0.0 0.0 0.0764183531964 0.0 0.0 0.739121646803
0.0 0.0 0.0750625284661 0.0 0.0 0.740477471533
0.0 0.0 0.0736746113356 0.0 0.0 0.741865388664
0.0 0.0 0.0722567688412 0.0 0.0 0.743283231158
0.0 0.0 0.07081117741 0.0 0.0 0.744728822589
0.0 0.0 0.0693400178897 0.0 0.0 0.746199982109
0.0 0.0 0.0678454708242 0.0 0.0 0.747694529175
0.0 0.0 0.0663297119833 0.0 0.0 0.749210288016
0.0 0.0 0.0647949081538 0.0 0.0 0.750745091845
0.0 0.0 0.0632432131964 0.0 0.0 0.752296786803
0.0 0.0 0.0616767643684 0.0 0.0 0.753863235631
0.0 0.0 0.060097678913 0.0 0.0 0.755442321086
0.0 0.0 0.0585080509129 0.0 0.0 0.757031949086
0.0 0.0 0.0569099484031 0.0 0.0 0.758630051596
0.0 0.0 0.0553054107381 0.0 0.0 0.760234589261
0.0 0.0 0.0536964462051 0.0 0.0 0.761843553794
0.0 0.0 0.0520850298775 0.0 0.0 0.763454970122
0.0 0.0 0.0504731016965 0.0 0.0 0.765066898303
0.0 0.0 0.0488625647742 0.0 0.0 0.766677435225
0.0 0.0 0.0472552839044 0.0 0.0 0.768284716095
0.0 0.0 0.0456530842733 0.0 0.0 0.769886915726
0.0 0.0 0.0440577503571 0.0 0.0 0.771482249642
0.0 0.0 0.0424710249948 0.0 0.0 0.773068975004
0.0 0.0 0.0408946086271 0.0 0.0 0.774645391372
0.0 0.0 0.0393301586868 0.0 0.0 0.776209841312
0.0 0.0 0.0377792891318 0.0 0.0 0.777760710867
0.0 0.0 0.0362435701095 0.0 0.0 0.77929642989
0.0 0.0 0.0347245277397 0.0 0.0 0.780815472259
0.0 0.0 0.0332236440086 0.0 0.0 0.782316355991
0.0 0.0 0.0317423567612 0.0 0.0 0.783797643238
0.0 0.0 0.0302820597841 0.0 0.0 0.785257940215
0.0 0.0 0.028844102968 0.0 0.0 0.786695897031
0.0 0.0 0.027429792543 0.0 0.0 0.788110207456
0.0 0.0 0.0260403913761 0.0 0.0 0.789499608623
0.0 0.0 0.0246771193251 0.0 0.0 0.790862880674
0.0 0.0 0.0233411536396 0.0 0.0 0.79219884636
0.0 0.0 0.0220336294039 0.0 0.0 0.793506370595
0.0 0.0 0.0207556400143 0.0 0.0 0.794784359985
0.0 0.0 0.0195082376846 0.0 0.0 0.796031762314
0.0 0.0 0.0182924339751 0.0 0.0 0.797247566024
0.0 0.0 0.0171092003389 0.0 0.0 0.79843079966
0.0 0.0 0.0159594686818 0.0 0.0 0.799580531317
0.0 0.0 0.0148441319303 0.0 0.0 0.800695868069
0.0 0.0 0.0137640446048 0.0 0.0 0.801775955394
0.0 0.0 0.012720023393 0.0 0.0 0.802819976606
0.0 0.0 0.0117128477213 0.0 0.0 0.803827152278
0.0 0.0 0.0107432603212 0.0 0.0 0.804796739678
0.0 0.0 0.00981196778654 0.0 0.0 0.805728032213
0.0 0.0 0.00891964112044 0.0 0.0 0.806620358879
0.0 0.0 0.00806691626957 0.0 0.0 0.807473083729
0.0 0.0 0.00725439464293 0.0 0.0 0.808285605356
0.0 0.0 0.00648264361404 0.0 0.0 0.809057356385
0.0 0.0 0.00575219700461 0.0 0.0 0.809787802994
0.0 0.0 0.00506355554833 0.0 0.0 0.810476444451
0.0 0.0 0.00441718733346 0.0 0.0 0.811122812666
0.0 0.0 0.00381352822312 0.0 0.0 0.811726471776
0.0 0.0 0.00325298225218 0.0 0.0 0.812287017747
0.0 0.0 0.0027359219999 0.0 0.0 0.812804077999
0.0 0.0 0.0022626889377 0.0 0.0 0.813277311061
0.0 0.0 0.00183359375102 0.0 0.0 0.813706406248
0.0 0.0 0.00144891663509 0.0 0.0 0.814091083364
0.0 0.0 0.00110890756373 0.0 0.0 0.814431092435
0.0 0.0 0.000813786531078 0.0 0.0 0.814726213468
0.0 0.0 0.000563743765512 0.0 0.0 0.814976256233
0.0 0.0 0.000358939915785 0.0 0.0 0.815181060083
0.0 0.0 0.000199506208873 0.0 0.0 0.81534049379
0.0 0.0 8.55445794377e-05 0.0 0.0 0.81545445542
0.0 0.0 1.71277706795e-05 0.0 0.0 0.815522872228
0.0 0.0 -5.70059351856e-06 0.0 0.0 0.815545700593
0.0 0.0 1.70740347345e-05 0.0 0.0 0.815522925964
0.0 0.0 8.54371417965e-05 0.0 0.0 0.815454562857
0.0 0.0 0.000199345138068 0.0 0.0 0.815340654861
0.0 0.0 0.000358725314699 0.0 0.0 0.815181274684
0.0 0.0 0.000563475771483 0.0 0.0 0.814976524227
0.0 0.0 0.00081346531603 0.0 0.0 0.814726534683
0.0 0.0 0.00110853333435 0.0 0.0 0.814431466665
0.0 0.0 0.00144848963301 0.0 0.0 0.814091510366
0.0 0.0 0.0018331142531 0.0 0.0 0.813706885746
0.0 0.0 0.00226215725623 0.0 0.0 0.813277842743
0.0 0.0 0.00273533848296 0.0 0.0 0.812804661516
0.0 0.0 0.00325234728393 0.0 0.0 0.812287652715
0.0 0.0 0.00381284222421 0.0 0.0 0.811727157775
0.0 0.0 0.00441645076137 0.0 0.0 0.811123549238
0.0 0.0 0.00506276889783 0.0 0.0 0.810477231101
0.0 0.0 0.00575136080821 0.0 0.0 0.809788639191
0.0 0.0 0.00648175844247 0.0 0.0 0.809058241556
0.0 0.0 0.00725346110564 0.0 0.0 0.808286538893
0.0 0.0 0.00806593501526 0.0 0.0 0.807474064984
0.0 0.0 0.00891861283764 0.0 0.0 0.806621387161
0.0 0.0 0.00981089320419 0.0 0.0 0.805729106795
0.0 0.0 0.0107421402093 0.0 0.0 0.80479785979
0.0 0.0 0.0117116828913 0.0 0.0 0.803828317108
0.0 0.0 0.0127188146987 0.0 0.0 0.8028211853
0.0 0.0 0.013762792943 0.0 0.0 0.801777207056
0.0 0.0 0.0148428382413 0.0 0.0 0.800697161758
0.0 0.0 0.01595813395 0.0 0.0 0.799581866049
0.0 0.0 0.0171078255939 0.0 0.0 0.798432174405
0.0 0.0 0.0182910202919 0.0 0.0 0.797248979707
0.0 0.0 0.0195067861846 0.0 0.0 0.796033213814
0.0 0.0 0.0207541518657 0.0 0.0 0.794785848133
0.0 0.0 0.0220321058225 0.0 0.0 0.793507894176
0.0 0.0 0.0233395958895 0.0 0.0 0.792200404109
0.0 0.0 0.0246755287193 0.0 0.0 0.79086447128
0.0 0.0 0.0260387692769 0.0 0.0 0.789501230722
0.0 0.0 0.0274281403625 0.0 0.0 0.788111859636
0.0 0.0 0.028842422169 0.0 0.0 0.78669757783
0.0 0.0 0.0302803518803 0.0 0.0 0.785259648119
0.0 0.0 0.0317406233175 0.0 0.0 0.783799376681
0.0 0.0 0.0332218866414 0.0 0.0 0.782318113358
0.0 0.0 0.0347227481174 0.0 0.0 0.780817251881
0.0 0.0 0.0362417699525 0.0 0.0 0.779298230046
0.0 0.0 0.0377774702124 0.0 0.0 0.777762529786
0.0 0.0 0.0393283228293 0.0 0.0 0.77621167717
0.0 0.0 0.0408927577077 0.0 0.0 0.774647242291
0.0 0.0 0.0424691609411 0.0 0.0 0.773070839058
0.0 0.0 0.0440558751474 0.0 0.0 0.771484124851
0.0 0.0 0.0456511999368 0.0 0.0 0.769888800062
0.0 0.0 0.0472533925193 0.0 0.0 0.76828660748
0.0 0.0 0.0488606684676 0.0 0.0 0.766679331531
0.0 0.0 0.0504712026428 0.0 0.0 0.765068797356
0.0 0.0 0.0520831302969 0.0 0.0 0.763456869702
0.0 0.0 0.0536945483623 0.0 0.0 0.761845451637
0.0 0.0 0.0553035169401 0.0 0.0 0.760236483059
0.0 0.0 0.0569080609973 0.0 0.0 0.758631939002
0.0 0.0 0.0585061722846 0.0 0.0 0.757033827714
0.0 0.0 0.0600958114827 0.0 0.0 0.755444188516
0.0 0.0 0.0616749105891 0.0 0.0 0.75386508941
0.0 0.0 0.06324137555 0.0 0.0 0.752298624449
0.0 0.0 0.0647930891476 0.0 0.0 0.750746910851
0.0 0.0 0.0663279141463 0.0 0.0 0.749212085853
0.0 0.0 0.067843696703 0.0 0.0 0.747696303296
0.0 0.0 0.0693382700436 0.0 0.0 0.746201729955
0.0 0.0 0.0708094584066 0.0 0.0 0.744730541592
0.0 0.0 0.0722550812512 0.0 0.0 0.743284918748
0.0 0.0 0.0736729577273 0.0 0.0 0.741867042272
0.0 0.0 0.0750609113997 0.0 0.0 0.740479088599
0.0 0.0 0.0764167752179 0.0 0.0 0.739123224781
0.0 0.0 0.0777383967194 0.0 0.0 0.73780160328
0.0 0.0 0.0790236434507 0.0 0.0 0.736516356548
0.0 0.0 0.0802704085893 0.0 0.0 0.73526959141
0.0 0.0 0.0814766167439 0.0 0.0 0.734063383255
0.0 0.0 0.0826402299088 0.0 0.0 0.73289977009
0.0 0.0 0.0837592535455 0.0 0.0 0.731780746453
0.0 0.0 0.0848317427604 0.0 0.0 0.730708257238
0.0 0.0 0.0858558085444 0.0 0.0 0.729684191454
0.0 0.0 0.0868296240393 0.0 0.0 0.72871037596
0.0 0.0 0.0877514307917 0.0 0.0 0.727788569207
0.0 0.0 0.0886195449525 0.0 0.0 0.726920455046
0.0 0.0 0.0894323633817 0.0 0.0 0.726107636617
0.0 0.0 0.0901883696118 0.0 0.0 0.725351630387
0.0 0.0 0.0908861396271 0.0 0.0 0.724653860372
0.0 0.0 0.0915243474119 0.0 0.0 0.724015652587
0.0 0.0 0.0921017702248 0.0 0.0 0.723438229774
0.0 0.0 0.0926172935523 0.0 0.0 0.722922706447
0.0 0.0 0.0930699157023 0.0 0.0 0.722470084297
0.0 0.0 0.093458751994 0.0 0.0 0.722081248005
0.0 0.0 0.0937830385085 0.0 0.0 0.72175696149
0.0 0.0 0.0940421353644 0.0 0.0 0.721497864634
0.0 0.0 0.0942355294888 0.0 0.0 0.72130447051
0.0 0.0 0.0943628368566 0.0 0.0 0.721177163142
0.0 0.0 0.0944238041761 0.0 0.0 0.721116195823
0.0 0.0 0.0944183100072 0.0 0.0 0.721121689992
0.0 0.0 0.0943463652972 0.0 0.0 0.721193634702
0.0 0.0 0.0942081133332 0.0 0.0 0.721331886666
0.0 0.0 0.0940038291083 0.0 0.0 0.721536170891
0.0 0.0 0.0937339181096 0.0 0.0 0.721806081889
0.0 0.0 0.0933989145395 0.0 0.0 0.722141085459
0.0 0.0 0.0929994789866 0.0 0.0 0.722540521012
0.0 0.0 0.09253639557 0.0 0.0 0.723003604429
0.0 0.0 0.0920105685825 0.0 0.0 0.723529431416
0.0 0.0 0.091423018665 0.0 0.0 0.724116981334
0.0 0.0 0.0907748785472 0.0 0.0 0.724765121452
0.0 0.0 0.0900673883917 0.0 0.0 0.725472611607
0.0 0.0 0.0893018907845 0.0 0.0 0.726238109214
0.0 0.0 0.0884798254125 0.0 0.0 0.727060174586
0.0 0.0 0.0876027234735 0.0 0.0 0.727937276525
0.0 0.0 0.0866722018638 0.0 0.0 0.728867798135
0.0 0.0 0.0856899571882 0.0 0.0 0.729850042811
0.0 0.0 0.0846577596365 0.0 0.0 0.730882240362
0.0 0.0 0.0835774467723 0.0 0.0 0.731962553227
0.0 0.0 0.0824509172738 0.0 0.0 0.733089082725
0.0 0.0 0.0812801246699 0.0 0.0 0.734259875329
0.0 0.0 0.0800670711078 0.0 0.0 0.735472928891
0.0 0.0 0.078813801189 0.0 0.0 0.73672619881
0.0 0.0 0.0775223959074 0.0 0.0 0.738017604091
0.0 0.0 0.0761949667177 0.0 0.0 0.739345033281
0.0 0.0 0.0748336497632 0.0 0.0 0.740706350236
0.0 0.0 0.0734406002863 0.0 0.0 0.742099399713
0.0 0.0 0.0720179872413 0.0 0.0 0.743522012757
0.0 0.0 0.0705679881297 0.0 0.0 0.744972011869
0.0 0.0 0.0690927840696 0.0 0.0 0.746447215929
0.0 0.0 0.0675945551133 0.0 0.0 0.747945444886
0.0 0.0 0.0660754758199 0.0 0.0 0.749464524179
0.0 0.0 0.0645377110912 0.0 0.0 0.751002288908
0.0 0.0 0.0629834122715 0.0 0.0 0.752556587727
0.0 0.0 0.0614147135159 0.0 0.0 0.754125286483
0.0 0.0 0.0598337284233 0.0 0.0 0.755706271575
0.0 0.0 0.0582425469337 0.0 0.0 0.757297453065
0.0 0.0 0.0566432324836 0.0 0.0 0.758896767515
0.0 0.0 0.0550378194144 0.0 0.0 0.760502180584
0.0 0.0 0.0534283106273 0.0 0.0 0.762111689372
0.0 0.0 0.0518166754738 0.0 0.0 0.763723324525
0.0 0.0 0.0502048478765 0.0 0.0 0.765335152122
0.0 0.0 0.0485947246662 0.0 0.0 0.766945275333
0.0 0.0 0.0469881641275 0.0 0.0 0.768551835871
0.0 0.0 0.0453869847414 0.0 0.0 0.770153015257
0.0 0.0 0.0437929641122 0.0 0.0 0.771747035887
0.0 0.0 0.0422078380697 0.0 0.0 0.773332161929
0.0 0.0 0.0406332999331 0.0 0.0 0.774906700066
0.0 0.0 0.0390709999268 0.0 0.0 0.776469000072
0.0 0.0 0.0375225447355 0.0 0.0 0.778017455263
0.0 0.0 0.0359894971891 0.0 0.0 0.77955050281
0.0 0.0 0.0344733760652 0.0 0.0 0.781066623934
0.0 0.0 0.0329756559998 0.0 0.0 0.782564343999
0.0 0.0 0.0314977674954 0.0 0.0 0.784042232503
0.0 0.0 0.0300410970179 0.0 0.0 0.785498902981
0.0 0.0 0.0286069871717 0.0 0.0 0.786933012827
0.0 0.0 0.027196736946 0.0 0.0 0.788343263053
0.0 0.0 0.0258116020222 0.0 0.0 0.789728397977
0.0 0.0 0.0244527951358 0.0 0.0 0.791087204863
0.0 0.0 0.0231214864857 0.0 0.0 0.792418513513
0.0 0.0 0.0218188041823 0.0 0.0 0.793721195816
0.0 0.0 0.0205458347306 0.0 0.0 0.794994165268
0.0 0.0 0.0193036235394 0.0 0.0 0.796236376459
0.0 0.0 0.018093175454 0.0 0.0 0.797446824545
0.0 0.0 0.0169154553051 0.0 0.0 0.798624544694
0.0 0.0 0.0157713884699 0.0 0.0 0.799768611529
0.0 0.0 0.0146618614417 0.0 0.0 0.800878138557
0.0 0.0 0.013587722403 0.0 0.0 0.801952277596
0.0 0.0 0.012549781799 0.0 0.0 0.8029902182
0.0 0.0 0.0115488129087 0.0 0.0 0.80399118709
0.0 0.0 0.0105855524091 0.0 0.0 0.80495444759
0.0 0.0 0.00966070093164 0.0 0.0 0.805879299067
0.0 0.0 0.00877492360696 0.0 0.0 0.806765076392
0.0 0.0 0.00792885059665 0.0 0.0 0.807611149402
0.0 0.0 0.00712307760945 0.0 0.0 0.808416922389
0.0 0.0 0.00635816640047 0.0 0.0 0.809181833598
0.0 0.0 0.00563464525162 0.0 0.0 0.809905354747
0.0 0.0 0.00495300943198 0.0 0.0 0.810586990567
0.0 0.0 0.00431372163675 0.0 0.0 0.811226278362
0.0 0.0 0.0037172124037 0.0 0.0 0.811822787595
0.0 0.0 0.00316388050607 0.0 0.0 0.812376119493
0.0 0.0 0.00265409332118 0.0 0.0 0.812885906678
0.0 0.0 0.00218818717384 0.0 0.0 0.813351812825
0.0 0.0 0.00176646765399 0.0 0.0 0.813773532345
0.0 0.0 0.00138920990796 0.0 0.0 0.814150790091
0.0 0.0 0.00105665890284 0.0 0.0 0.814483341096
0.0 0.0 0.000769029663541 0.0 0.0 0.814770970335
0.0 0.0 0.000526507482165 0.0 0.0 0.815013492517
0.0 0.0 0.000329248099424 0.0 0.0 0.815210751899
0.0 0.0 0.000177377857785 0.0 0.0 0.815362622141
0.0 0.0 7.09938261722e-05 0.0 0.0 0.815469006173
0.0 0.0 1.01638960591e-05 0.0 0.0 0.815529836103
0.0 0.0 -5.07315118776e-06 0.0 0.0 0.81554507315
0.0 0.0 2.52923942177e-05 0.0 0.0 0.815514707604
0.0 0.0 0.000101241180131 0.0 0.0 0.815438758819
0.0 0.0 0.000222724773244 0.0 0.0 0.815317275225
0.0 0.0 0.000389665610993 0.0 0.0 0.815150334388
0.0 0.0 0.000601956924663 0.0 0.0 0.814938043074
0.0 0.0 0.000859462633791 0.0 0.0 0.814680537365
0.0 0.0 0.001162017212 0.0 0.0 0.814377982787
0.0 0.0 0.00150942552446 0.0 0.0 0.814030574474
0.0 0.0 0.00190146263716 0.0 0.0 0.813638537361
0.0 0.0 0.00233787359831 0.0 0.0 0.8132021264
0.0 0.0 0.00281837319219 0.0 0.0 0.812721626806
0.0 0.0 0.00334264566577 0.0 0.0 0.812197354333
0.0 0.0 0.00391034442869 0.0 0.0 0.81162965557
0.0 0.0 0.00452109172698 0.0 0.0 0.811018908272
0.0 0.0 0.00517447829119 0.0 0.0 0.810365521707
0.0 0.0 0.00587006295969 0.0 0.0 0.809669937039
0.0 0.0 0.00660737227777 0.0 0.0 0.808932627721
0.0 0.0 0.00738590007368 0.0 0.0 0.808154099925
0.0 0.0 0.00820510701241 0.0 0.0 0.807334892986
0.0 0.0 0.00906442012855 0.0 0.0 0.80647557987
0.0 0.0 0.00996323233942 0.0 0.0 0.805576767659
0.0 0.0 0.01090090194 0.0 0.0 0.804639098059
0.0 0.0 0.0118767520816 0.0 0.0 0.803663247917
0.0 0.0 0.012890070235 0.0 0.0 0.802649929764
0.0 0.0 0.0139401076422 0.0 0.0 0.801599892356
0.0 0.0 0.0150260787571 0.0 0.0 0.800513921242
0.0 0.0 0.0161471606778 0.0 0.0 0.799392839321
0.0 0.0 0.0173024925756 0.0 0.0 0.798237507423
0.0 0.0 0.0184911751203 0.0 0.0 0.797048824878
0.0 0.0 0.0197122699084 0.0 0.0 0.79582773009
0.0 0.0 0.0209647988956 0.0 0.0 0.794575201103
0.0 0.0 0.0222477438392 0.0 0.0 0.793292256159
0.0 0.0 0.0235600457542 0.0 0.0 0.791979954244
0.0 0.0 0.0249006043879 0.0 0.0 0.790639395611
0.0 0.0 0.0262682777184 0.0 0.0 0.78927172228
0.0 0.0 0.0276618814829 0.0 0.0 0.787878118516
0.0 0.0 0.0290801887409 0.0 0.0 0.786459811258
0.0 0.0 0.0305219294809 0.0 0.0 0.785018070518
0.0 0.0 0.0319857902751 0.0 0.0 0.783554209723
0.0 0.0 0.0334704139914 0.0 0.0 0.782069586007
0.0 0.0 0.03497439957 0.0 0.0 0.780565600429
0.0 0.0 0.0364963018731 0.0 0.0 0.779043698125
0.0 0.0 0.0380346316165 0.0 0.0 0.777505368382
0.0 0.0 0.0395878553928 0.0 0.0 0.775952144606
0.0 0.0 0.0411543957953 0.0 0.0 0.774385604203
0.0 0.0 0.0427326316531 0.0 0.0 0.772807368345
0.0 0.0 0.0443208983889 0.0 0.0 0.77121910161
0.0 0.0 0.0459174885081 0.0 0.0 0.76962251149
0.0 0.0 0.0475206522322 0.0 0.0 0.768019347766
0.0 0.0 0.0491285982877 0.0 0.0 0.766411401711
0.0 0.0 0.0507394948607 0.0 0.0 0.764800505138
0.0 0.0 0.0523514707293 0.0 0.0 0.763188529269
0.0 0.0 0.0539626165859 0.0 0.0 0.761577383413
0.0 0.0 0.0555709865593 0.0 0.0 0.759969013439
0.0 0.0 0.0571745999478 0.0 0.0 0.758365400051
0.0 0.0 0.0587714431746 0.0 0.0 0.756768556824
0.0 0.0 0.0603594719734 0.0 0.0 0.755180528025
0.0 0.0 0.0619366138154 0.0 0.0 0.753603386183
0.0 0.0 0.0635007705836 0.0 0.0 0.752039229415
0.0 0.0 0.0650498215024 0.0 0.0 0.750490178496
0.0 0.0 0.0665816263278 0.0 0.0 0.748958373671
0.0 0.0 0.0680940288018 0.0 0.0 0.747445971197
0.0 0.0 0.0695848603735 0.0 0.0 0.745955139625
0.0 0.0 0.0710519441865 0.0 0.0 0.744488055812
0.0 0.0 0.0724930993316 0.0 0.0 0.743046900667
0.0 0.0 0.0739061453589 0.0 0.0 0.74163385464
0.0 0.0 0.0752889070445 0.0 0.0 0.740251092954
0.0 0.0 0.0766392193991 0.0 0.0 0.738900780599
0.0 0.0 0.0779549329094 0.0 0.0 0.737585067089
0.0 0.0 0.0792339189936 0.0 0.0 0.736306081005
0.0 0.0 0.0804740756547 0.0 0.0 0.735065924344
0.0 0.0 0.081673333308 0.0 0.0 0.733866666691
0.0 0.0 0.0828296607588 0.0 0.0 0.73271033924
0.0 0.0 0.0839410713025 0.0 0.0 0.731598928696
0.0 0.0 0.0850056289144 0.0 0.0 0.730534371084
0.0 0.0 0.0860214544968 0.0 0.0 0.729518545502
0.0 0.0 0.0869867321459 0.0 0.0 0.728553267853
0.0 0.0 0.0878997153996 0.0 0.0 0.727640284599
0.0 0.0 0.0887587334242 0.0 0.0 0.726781266574
0.0 0.0 0.0895621970988 0.0 0.0 0.7259778029
0.0 0.0 0.0903086049511 0.0 0.0 0.725231395047
0.0 0.0 0.0909965489013 0.0 0.0 0.724543451097
0.0 0.0 0.0916247197681 0.0 0.0 0.72391528023
0.0 0.0 0.0921919124922 0.0 0.0 0.723348087506
0.0 0.0 0.0926970310334 0.0 0.0 0.722842968965
0.0 0.0 0.093139092899 0.0 0.0 0.722400907099
0.0 0.0 0.0935172332639 0.0 0.0 0.722022766735
0.0 0.0 0.0938307086435 0.0 0.0 0.721709291355
0.0 0.0 0.0940789000883 0.0 0.0 0.72146109991
0.0 0.0 0.0942613158672 0.0 0.0 0.721278684131
0.0 0.0 0.0943775936164 0.0 0.0 0.721162406382
0.0 0.0 0.094427501932 0.0 0.0 0.721112498066
0.0 0.0 0.0944109413905 0.0 0.0 0.721129058608
0.0 0.0 0.0943279449893 0.0 0.0 0.721212055009
0.0 0.0 0.0941786780003 0.0 0.0 0.721361321998
0.0 0.0 0.0939634372393 0.0 0.0 0.721576562759
0.0 0.0 0.0936826497595 0.0 0.0 0.721857350239
0.0 0.0 0.0933368709787 0.0 0.0 0.72220312902
0.0 0.0 0.0929267822617 0.0 0.0 0.722613217737
0.0 0.0 0.092453187979 0.0 0.0 0.723086812019
0.0 0.0 0.0919170120693 0.0 0.0 0.723622987929
0.0 0.0 0.0913192941397 0.0 0.0 0.724220705859
0.0 0.0 0.0906611851374 0.0 0.0 0.724878814861
0.0 0.0 0.089943942632 0.0 0.0 0.725596057366
0.0 0.0 0.089168925751 0.0 0.0 0.726371074247
0.0 0.0 0.0883375898093 0.0 0.0 0.727202410189
0.0 0.0 0.0874514806799 0.0 0.0 0.728088519319
0.0 0.0 0.0865122289477 0.0 0.0 0.729027771051
0.0 0.0 0.0855215438949 0.0 0.0 0.730018456104
0.0 0.0 0.08448120736 0.0 0.0 0.731058792638
0.0 0.0 0.083393067515 0.0 0.0 0.732146932483
0.0 0.0 0.0822590326035 0.0 0.0 0.733280967395
0.0 0.0 0.0810810646787 0.0 0.0 0.73445893532
0.0 0.0 0.0798611733806 0.0 0.0 0.735678826618
0.0 0.0 0.0786014097864 0.0 0.0 0.736938590212
0.0 0.0 0.0773038603682 0.0 0.0 0.73823613963
0.0 0.0 0.0759706410866 0.0 0.0 0.739569358912
0.0 0.0 0.0746038916469 0.0 0.0 0.740936108352
0.0 0.0 0.0732057699418 0.0 0.0 0.742334230057
0.0 0.0 0.0717784467011 0.0 0.0 0.743761553297
0.0 0.0 0.0703241003635 0.0 0.0 0.745215899635
0.0 0.0 0.0688449121879 0.0 0.0 0.74669508781
0.0 0.0 0.0673430616122 0.0 0.0 0.748196938386
0.0 0.0 0.0658207218698 0.0 0.0 0.749719278129
0.0 0.0 0.0642800558687 0.0 0.0 0.75125994413
0.0 0.0 0.0627232123367 0.0 0.0 0.752816787662
0.0 0.0 0.0611523222333 0.0 0.0 0.754387677765
0.0 0.0 0.0595694954271 0.0 0.0 0.755970504571
0.0 0.0 0.0579768176365 0.0 0.0 0.757563182362
0.0 0.0 0.0563763476275 0.0 0.0 0.759163652371
0.0 0.0 0.0547701146642 0.0 0.0 0.760769885334
0.0 0.0 0.0531601162023 0.0 0.0 0.762379883796
0.0 0.0 0.0515483158204 0.0 0.0 0.763991684178
0.0 0.0 0.0499366413756 0.0 0.0 0.765603358623
0.0 0.0 0.0483269833775 0.0 0.0 0.767213016621
0.0 0.0 0.0467211935669 0.0 0.0 0.768818806431
0.0 0.0 0.0451210836893 0.0 0.0 0.770418916309
0.0 0.0 0.0435284244528 0.0 0.0 0.772011575546
0.0 0.0 0.0419449446571 0.0 0.0 0.773595055341
0.0 0.0 0.0403723304842 0.0 0.0 0.775167669514
0.0 0.0 0.0388122249376 0.0 0.0 0.776727775061
0.0 0.0 0.0372662274201 0.0 0.0 0.778273772578
0.0 0.0 0.0357358934387 0.0 0.0 0.77980410656
0.0 0.0 0.0342227344264 0.0 0.0 0.781317265572
0.0 0.0 0.032728217669 0.0 0.0 0.782811782329
0.0 0.0 0.0312537663294 0.0 0.0 0.784286233669
0.0 0.0 0.0298007595577 0.0 0.0 0.785739240441
0.0 0.0 0.0283705326787 0.0 0.0 0.78716946732
0.0 0.0 0.0269643774494 0.0 0.0 0.788575622549
0.0 0.0 0.0255835423754 0.0 0.0 0.789956457623
0.0 0.0 0.0242292330817 0.0 0.0 0.791310766917
0.0 0.0 0.0229026127285 0.0 0.0 0.79263738727
0.0 0.0 0.0216048024659 0.0 0.0 0.793935197532
0.0 0.0 0.0203368819215 0.0 0.0 0.795203118077
0.0 0.0 0.0190998897142 0.0 0.0 0.796440110284
0.0 0.0 0.0178948239894 0.0 0.0 0.797645176009
0.0 0.0 0.0167226429709 0.0 0.0 0.798817357027
0.0 0.0 0.0155842655231 0.0 0.0 0.799955734475
0.0 0.0 0.014480571722 0.0 0.0 0.801059428276
0.0 0.0 0.0134124034282 0.0 0.0 0.80212759657
0.0 0.0 0.0123805648603 0.0 0.0 0.803159435138
0.0 0.0 0.0113858231651 0.0 0.0 0.804154176833
0.0 0.0 0.0104289089809 0.0 0.0 0.805111091017
0.0 0.0 0.00951051699177 0.0 0.0 0.806029483006
0.0 0.0 0.0086313064706 0.0 0.0 0.806908693528
0.0 0.0 0.00779190180822 0.0 0.0 0.80774809819
0.0 0.0 0.00699289302694 0.0 0.0 0.808547106971
0.0 0.0 0.00623483627676 0.0 0.0 0.809305163721
0.0 0.0 0.00551825431257 0.0 0.0 0.810021745686
0.0 0.0 0.00484363695101 0.0 0.0 0.810696363047
0.0 0.0 0.00421144150576 0.0 0.0 0.811328558492
0.0 0.0 0.00362209320011 0.0 0.0 0.811917906798
0.0 0.0 0.00307598555592 0.0 0.0 0.812464014442
0.0 0.0 0.00257348075805 0.0 0.0 0.81296651924
0.0 0.0 0.00211490999353 0.0 0.0 0.813425090005
0.0 0.0 0.00170057376487 0.0 0.0 0.813839426233
0.0 0.0 0.00133074217683 0.0 0.0 0.814209257821
0.0 0.0 0.00100565519633 0.0 0.0 0.814534344802
0.0 0.0 0.000725522884853 0.0 0.0 0.814814477113
0.0 0.0 0.000490525603264 0.0 0.0 0.815049474395
0.0 0.0 0.000300814188477 0.0 0.0 0.81523918581
0.0 0.0 0.000156510101903 0.0 0.0 0.815383489896
0.0 0.0 5.77055493953e-05 0.0 0.0 0.815482294449
0.0 0.0 4.4635725643e-06 0.0 0.0 0.815535536426
0.0 0.0 -3.18188867156e-06 0.0 0.0 0.815543181887
0.0 0.0 3.47740376359e-05 0.0 0.0 0.815505225961
0.0 0.0 0.000118307160307 0.0 0.0 0.815421692838
0.0 0.0 0.000247364200994 0.0 0.0 0.815292635797
0.0 0.0 0.000421862741287 0.0 0.0 0.815118137257
0.0 0.0 0.000641691141035 0.0 0.0 0.814898308857
0.0 0.0 0.000906708427983 0.0 0.0 0.81463329157
0.0 0.0 0.00121674415887 0.0 0.0 0.814323255839
0.0 0.0 0.00157159825217 0.0 0.0 0.813968401746
0.0 0.0 0.00197104079272 0.0 0.0 0.813568959205
0.0 0.0 0.0024148118085 0.0 0.0 0.81312518819
0.0 0.0 0.00290262101993 0.0 0.0 0.812637378978
0.0 0.0 0.00343414756203 0.0 0.0 0.812105852436
0.0 0.0 0.00400903967993 0.0 0.0 0.811530960318
0.0 0.0 0.00462691439838 0.0 0.0 0.8109130856
0.0 0.0 0.00528735716563 0.0 0.0 0.810252642833
0.0 0.0 0.00598992147264 0.0 0.0 0.809550078526
0.0 0.0 0.00673412844833 0.0 0.0 0.80880587155
0.0 0.0 0.0075194664318 0.0 0.0 0.808020533566
0.0 0.0 0.00834539052252 0.0 0.0 0.807194609476
0.0 0.0 0.00921132210986 0.0 0.0 0.806328677888
0.0 0.0 0.0101166483831 0.0 0.0 0.805423351615
0.0 0.0 0.0110607218234 0.0 0.0 0.804479278175
0.0 0.0 0.0120428596798 0.0 0.0 0.803497140318
0.0 0.0 0.0130623434306 0.0 0.0 0.802477656568
0.0 0.0 0.0141184182328 0.0 0.0 0.801421581765
0.0 0.0 0.0152102923609 0.0 0.0 0.800329707637
0.0 0.0 0.0163371366394 0.0 0.0 0.799202863359
0.0 0.0 0.0174980838698 0.0 0.0 0.798041916128
0.0 0.0 0.0186922282571 0.0 0.0 0.796847771741
0.0 0.0 0.0199186248379 0.0 0.0 0.79562137516
0.0 0.0 0.0211762889145 0.0 0.0 0.794363711084
0.0 0.0 0.0224641954991 0.0 0.0 0.793075804499
0.0 0.0 0.0237812787727 0.0 0.0 0.791758721225
0.0 0.0 0.0251264315633 0.0 0.0 0.790413568435
0.0 0.0 0.0264985048491 0.0 0.0 0.789041495149
0.0 0.0 0.0278963072918 0.0 0.0 0.787643692706
0.0 0.0 0.0293186048071 0.0 0.0 0.786221395191
0.0 0.0 0.0307641201784 0.0 0.0 0.78477587982
0.0 0.0 0.0322315327208 0.0 0.0 0.783308467277
0.0 0.0 0.0337194780031 0.0 0.0 0.781820521995
0.0 0.0 0.0352265476363 0.0 0.0 0.780313452362
0.0 0.0 0.0367512891358 0.0 0.0 0.778788710862
0.0 0.0 0.0382922058681 0.0 0.0 0.77724779413
0.0 0.0 0.0398477570896 0.0 0.0 0.775692242909
0.0 0.0 0.0414163580888 0.0 0.0 0.774123641909
0.0 0.0 0.0429963804408 0.0 0.0 0.772543619557
0.0 0.0 0.0445861523859 0.0 0.0 0.770953847612
0.0 0.0 0.0461839593426 0.0 0.0 0.769356040656
0.0 0.0 0.0477880445657 0.0 0.0 0.767751955432
0.0 0.0 0.0493966099621 0.0 0.0 0.766143390036
0.0 0.0 0.0510078170739 0.0 0.0 0.764532182924
0.0 0.0 0.0526197882423 0.0 0.0 0.762920211756
0.0 0.0 0.0542306079616 0.0 0.0 0.761309392037
0.0 0.0 0.0558383244363 0.0 0.0 0.759701675562
0.0 0.0 0.0574409513502 0.0 0.0 0.758099048648
0.0 0.0 0.0590364698596 0.0 0.0 0.756503530139
0.0 0.0 0.0606228308184 0.0 0.0 0.75491716918
0.0 0.0 0.0621979572457 0.0 0.0 0.753342042752
0.0 0.0 0.0637597470424 0.0 0.0 0.751780252956
0.0 0.0 0.0653060759635 0.0 0.0 0.750233924035
0.0 0.0 0.0668348008523 0.0 0.0 0.748705199146
0.0 0.0 0.0683437631391 0.0 0.0 0.747196236859
0.0 0.0 0.0698307926064 0.0 0.0 0.745709207392
0.0 0.0 0.0712937114211 0.0 0.0 0.744246288577
0.0 0.0 0.0727303384305 0.0 0.0 0.742809661568
0.0 0.0 0.0741384937174 0.0 0.0 0.741401506281
0.0 0.0 0.0755160034074 0.0 0.0 0.740023996591
0.0 0.0 0.0768607047181 0.0 0.0 0.73867929528
0.0 0.0 0.0781704512366 0.0 0.0 0.737369548762
0.0 0.0 0.0794431184093 0.0 0.0 0.736096881589
0.0 0.0 0.0806766092264 0.0 0.0 0.734863390772
0.0 0.0 0.0818688600754 0.0 0.0 0.733671139923
0.0 0.0 0.0830178467421 0.0 0.0 0.732522153256
0.0 0.0 0.0841215905269 0.0 0.0 0.731418409471
0.0 0.0 0.0851781644475 0.0 0.0 0.730361835551
0.0 0.0 0.0861856994912 0.0 0.0 0.729354300507
