0.0 0.0 0.0 0.0 0.0 0.88968
0.0 0.0 6.47132239087e-05 0.0 0.0 0.889615286776
0.0 0.0 0.000194113060853 0.0 0.0 0.889485886939
0.0 0.0 0.000388146239314 0.0 0.0 0.889291853761
0.0 0.0 0.000646732727486 0.0 0.0 0.889033267273
0.0 0.0 0.000969765583608 0.0 0.0 0.888710234416
0.0 0.0 0.00135711075597 0.0 0.0 0.888322889244
0.0 0.0 0.00180860683228 0.0 0.0 0.887871393168
0.0 0.0 0.00232406473793 0.0 0.0 0.887355935262
0.0 0.0 0.00290326738261 0.0 0.0 0.886776732617
0.0 0.0 0.00354596925474 0.0 0.0 0.886134030745
0.0 0.0 0.00425189596294 0.0 0.0 0.885428104037
0.0 0.0 0.00502074372386 0.0 0.0 0.884659256276
0.0 0.0 0.00585217879537 0.0 0.0 0.883827821205
0.0 0.0 0.00674583685448 0.0 0.0 0.882934163146
0.0 0.0 0.00770132231865 0.0 0.0 0.881978677681
0.0 0.0 0.00871820760978 0.0 0.0 0.88096179239
0.0 0.0 0.00979603235955 0.0 0.0 0.87988396764
0.0 0.0 0.0109343025551 0.0 0.0 0.878745697445
0.0 0.0 0.0121324896241 0.0 0.0 0.877547510376
0.0 0.0 0.0133900294569 0.0 0.0 0.876289970543
0.0 0.0 0.0147063213672 0.0 0.0 0.874973678633
0.0 0.0 0.016080726986 0.0 0.0 0.873599273014
0.0 0.0 0.0175125690924 0.0 0.0 0.872167430908
0.0 0.0 0.019001130376 0.0 0.0 0.870678869624
0.0 0.0 0.0205456521323 0.0 0.0 0.869134347868
0.0 0.0 0.0221453328905 0.0 0.0 0.86753466711
0.0 0.0 0.0237993269704 0.0 0.0 0.86588067303
0.0 0.0 0.0255067429711 0.0 0.0 0.864173257029
0.0 0.0 0.0272666421892 0.0 0.0 0.862413357811
0.0 0.0 0.0290780369667 0.0 0.0 0.860601963033
0.0 0.0 0.0309398889702 0.0 0.0 0.85874011103
0.0 0.0 0.0328511074001 0.0 0.0 0.8568288926
0.0 0.0 0.0348105471337 0.0 0.0 0.854869452866
0.0 0.0 0.0368170068015 0.0 0.0 0.852862993198
0.0 0.0 0.038869226801 0.0 0.0 0.850810773199
0.0 0.0 0.0409658872506 0.0 0.0 0.848714112749
0.0 0.0 0.0431056058873 0.0 0.0 0.846574394113
0.0 0.0 0.0452869359146 0.0 0.0 0.844393064085
0.0 0.0 0.0475083638047 0.0 0.0 0.842171636195
0.0 0.0 0.0497683070649 0.0 0.0 0.839911692935
0.0 0.0 0.0520651119746 0.0 0.0 0.837614888025
0.0 0.0 0.0543970513043 0.0 0.0 0.835282948696
0.0 0.0 0.0567623220283 0.0 0.0 0.832917677972
0.0 0.0 0.0591590430444 0.0 0.0 0.830520956956
0.0 0.0 0.0615852529158 0.0 0.0 0.828094747084
0.0 0.0 0.0640389076535 0.0 0.0 0.825641092347
0.0 0.0 0.0665178785581 0.0 0.0 0.823162121442
0.0 0.0 0.069019950143 0.0 0.0 0.820660049857
0.0 0.0 0.0715428181637 0.0 0.0 0.818137181836
0.0 0.0 0.0740840877806 0.0 0.0 0.815595912219
0.0 0.0 0.0766412718833 0.0 0.0 0.813038728117
0.0 0.0 0.0792117896105 0.0 0.0 0.81046821039
0.0 0.0 0.0817929650992 0.0 0.0 0.807887034901
0.0 0.0 0.0843820265015 0.0 0.0 0.805297973499
0.0 0.0 0.0869761053089 0.0 0.0 0.802703894691
0.0 0.0 0.0895722360279 0.0 0.0 0.800107763972
0.0 0.0 0.0921673562506 0.0 0.0 0.797512643749
0.0 0.0 0.0947583071698 0.0 0.0 0.79492169283
0.0 0.0 0.0973418345868 0.0 0.0 0.792338165413
0.0 0.0 0.0999145904633 0.0 0.0 0.789765409537
0.0 0.0 0.102473135069 0.0 0.0 0.787206864931
0.0 0.0 0.10501393978 0.0 0.0 0.78466606022
0.0 0.0 0.107533390572 0.0 0.0 0.782146609428
0.0 0.0 0.110027792276 0.0 0.0 0.779652207724
0.0 0.0 0.112493373629 0.0 0.0 0.777186626371
0.0 0.0 0.114926293173 0.0 0.0 0.774753706827
0.0 0.0 0.117322646053 0.0 0.0 0.772357353947
0.0 0.0 0.119678471738 0.0 0.0 0.770001528262
0.0 0.0 0.121989762706 0.0 0.0 0.767690237294
0.0 0.0 0.124252474115 0.0 0.0 0.765427525885
0.0 0.0 0.126462534466 0.0 0.0 0.763217465534
0.0 0.0 0.128615857277 0.0 0.0 0.761064142723
0.0 0.0 0.130708353739 0.0 0.0 0.758971646261
0.0 0.0 0.132735946348 0.0 0.0 0.756944053652
0.0 0.0 0.134694583458 0.0 0.0 0.754985416542
0.0 0.0 0.13658025472 0.0 0.0 0.75309974528
0.0 0.0 0.138389007309 0.0 0.0 0.751290992691
0.0 0.0 0.140116962868 0.0 0.0 0.749563037132
0.0 0.0 0.14176033505 0.0 0.0 0.74791966495
0.0 0.0 0.143315447526 0.0 0.0 0.746364552474
0.0 0.0 0.144778752318 0.0 0.0 0.744901247682
0.0 0.0 0.146146848289 0.0 0.0 0.743533151711
0.0 0.0 0.147416499603 0.0 0.0 0.742263500397
0.0 0.0 0.148584653978 0.0 0.0 0.741095346022
0.0 0.0 0.149648460503 0.0 0.0 0.740031539497
0.0 0.0 0.15060528683 0.0 0.0 0.73907471317
0.0 0.0 0.15145273551 0.0 0.0 0.73822726449
0.0 0.0 0.152188659263 0.0 0.0 0.737491340737
0.0 0.0 0.15281117498 0.0 0.0 0.73686882502
0.0 0.0 0.153318676247 0.0 0.0 0.736361323753
0.0 0.0 0.153709844213 0.0 0.0 0.735970155787
0.0 0.0 0.153983656649 0.0 0.0 0.735696343351
0.0 0.0 0.15413939504 0.0 0.0 0.73554060496
0.0 0.0 0.154176649616 0.0 0.0 0.735503350384
0.0 0.0 0.154095322237 0.0 0.0 0.735584677763
0.0 0.0 0.153895627087 0.0 0.0 0.735784372913
0.0 0.0 0.153578089157 0.0 0.0 0.736101910843
0.0 0.0 0.153143540566 0.0 0.0 0.736536459434
0.0 0.0 0.152593114743 0.0 0.0 0.737086885257
0.0 0.0 0.151928238593 0.0 0.0 0.737751761407
0.0 0.0 0.15115062275 0.0 0.0 0.73852937725
0.0 0.0 0.15026225007 0.0 0.0 0.73941774993
0.0 0.0 0.149265362537 0.0 0.0 0.740414637463
0.0 0.0 0.148162446765 0.0 0.0 0.741517553235
0.0 0.0 0.146956218307 0.0 0.0 0.742723781693
0.0 0.0 0.145649604978 0.0 0.0 0.744030395022
0.0 0.0 0.1442457294 0.0 0.0 0.7454342706
0.0 0.0 0.142747891006 0.0 0.0 0.746932108994
0.0 0.0 0.141159547679 0.0 0.0 0.748520452321
0.0 0.0 0.139484297265 0.0 0.0 0.750195702735
0.0 0.0 0.137725859117 0.0 0.0 0.751954140883
0.0 0.0 0.135888055867 0.0 0.0 0.753791944133
0.0 0.0 0.133974795573 0.0 0.0 0.755705204427
0.0 0.0 0.131990054386 0.0 0.0 0.757689945614
0.0 0.0 0.129937859863 0.0 0.0 0.759742140137
0.0 0.0 0.127822275017 0.0 0.0 0.761857724983
0.0 0.0 0.125647383206 0.0 0.0 0.764032616794
0.0 0.0 0.123417273917 0.0 0.0 0.766262726084
0.0 0.0 0.121136029485 0.0 0.0 0.768543970515
0.0 0.0 0.11880771281 0.0 0.0 0.77087228719
0.0 0.0 0.116436356054 0.0 0.0 0.773243643946
0.0 0.0 0.114025950346 0.0 0.0 0.775654049654
0.0 0.0 0.111580436482 0.0 0.0 0.778099563518
0.0 0.0 0.109103696602 0.0 0.0 0.780576303398
0.0 0.0 0.106599546815 0.0 0.0 0.783080453185
0.0 0.0 0.10407173074 0.0 0.0 0.78560826926
0.0 0.0 0.101523913928 0.0 0.0 0.788156086072
0.0 0.0 0.098959679111 0.0 0.0 0.790720320889
0.0 0.0 0.0963825222387 0.0 0.0 0.793297477761
0.0 0.0 0.0937958492467 0.0 0.0 0.795884150753
0.0 0.0 0.0912029735078 0.0 0.0 0.798477026492
0.0 0.0 0.0886071139112 0.0 0.0 0.801072886089
0.0 0.0 0.0860113935192 0.0 0.0 0.803668606481
0.0 0.0 0.0834188387487 0.0 0.0 0.806261161251
0.0 0.0 0.0808323790265 0.0 0.0 0.808847620974
0.0 0.0 0.0782548468713 0.0 0.0 0.811425153129
0.0 0.0 0.0756889783538 0.0 0.0 0.813991021646
0.0 0.0 0.0731374138914 0.0 0.0 0.816542586109
0.0 0.0 0.0706026993359 0.0 0.0 0.819077300664
0.0 0.0 0.0680872873132 0.0 0.0 0.821592712687
0.0 0.0 0.0655935387806 0.0 0.0 0.82408646122
0.0 0.0 0.0631237247657 0.0 0.0 0.826556275234
0.0 0.0 0.060680028257 0.0 0.0 0.828999971743
0.0 0.0 0.0582645462166 0.0 0.0 0.831415453784
0.0 0.0 0.0558792916903 0.0 0.0 0.83380070831
0.0 0.0 0.0535261959899 0.0 0.0 0.83615380401
0.0 0.0 0.0512071109289 0.0 0.0 0.838472889071
0.0 0.0 0.0489238110896 0.0 0.0 0.840756188911
0.0 0.0 0.0466779961086 0.0 0.0 0.843002003892
0.0 0.0 0.0444712929631 0.0 0.0 0.845208707037
0.0 0.0 0.0423052582461 0.0 0.0 0.847374741754
0.0 0.0 0.0401813804198 0.0 0.0 0.84949861958
0.0 0.0 0.0381010820371 0.0 0.0 0.851578917963
0.0 0.0 0.0360657219227 0.0 0.0 0.853614278078
0.0 0.0 0.0340765973078 0.0 0.0 0.855603402692
0.0 0.0 0.0321349459117 0.0 0.0 0.857545054089
0.0 0.0 0.0302419479664 0.0 0.0 0.859438052034
0.0 0.0 0.0283987281796 0.0 0.0 0.861281271821
0.0 0.0 0.0266063576339 0.0 0.0 0.863073642366
0.0 0.0 0.0248658556196 0.0 0.0 0.864814144381
0.0 0.0 0.0231781913992 0.0 0.0 0.866501808601
0.0 0.0 0.0215442859029 0.0 0.0 0.868135714097
0.0 0.0 0.0199650133546 0.0 0.0 0.869714986646
0.0 0.0 0.0184412028274 0.0 0.0 0.871238797173
0.0 0.0 0.0169736397298 0.0 0.0 0.87270636027
0.0 0.0 0.0155630672219 0.0 0.0 0.874116932778
0.0 0.0 0.0142101875626 0.0 0.0 0.875469812438
0.0 0.0 0.0129156633894 0.0 0.0 0.876764336611
0.0 0.0 0.0116801189301 0.0 0.0 0.87799988107
0.0 0.0 0.0105041411488 0.0 0.0 0.879175858851
0.0 0.0 0.00938828082623 0.0 0.0 0.880291719174
0.0 0.0 0.0083330535772 0.0 0.0 0.881346946423
0.0 0.0 0.00733894080405 0.0 0.0 0.882341059196
0.0 0.0 0.00640639058923 0.0 0.0 0.883273609411
0.0 0.0 0.00553581852733 0.0 0.0 0.884144181473
0.0 0.0 0.00472760849772 0.0 0.0 0.884952391503
0.0 0.0 0.0039821133792 0.0 0.0 0.885697886621
0.0 0.0 0.00329965570746 0.0 0.0 0.886380344293
0.0 0.0 0.00268052827657 0.0 0.0 0.886999471724
0.0 0.0 0.00212499468532 0.0 0.0 0.887555005315
0.0 0.0 0.0016332898294 0.0 0.0 0.888046710171
0.0 0.0 0.00120562034011 0.0 0.0 0.88847437966
0.0 0.0 0.000842164970496 0.0 0.0 0.88883783503
0.0 0.0 0.000543074929452 0.0 0.0 0.889136925071
0.0 0.0 0.000308474164394 0.0 0.0 0.889371525836
0.0 0.0 0.000138459593034 0.0 0.0 0.889541540407
0.0 0.0 3.31012846183e-05 0.0 0.0 0.889646898716
0.0 0.0 -7.55740901501e-06 0.0 0.0 0.889687557409
0.0 0.0 1.65002276411e-05 0.0 0.0 0.889663499773
0.0 0.0 0.000105264305031 0.0 0.0 0.889574735695
0.0 0.0 0.00025869831004 0.0 0.0 0.88942130169
0.0 0.0 0.000476739037696 0.0 0.0 0.889203260963
0.0 0.0 0.000759296472961 0.0 0.0 0.888920703527
0.0 0.0 0.00110625362238 0.0 0.0 0.888573746378
0.0 0.0 0.00151746629534 0.0 0.0 0.888162533705
0.0 0.0 0.00199276283444 0.0 0.0 0.887687237166
0.0 0.0 0.00253194379469 0.0 0.0 0.887148056206
0.0 0.0 0.00313478157073 0.0 0.0 0.88654521843
0.0 0.0 0.00380101997175 0.0 0.0 0.885878980029
0.0 0.0 0.004530373743 0.0 0.0 0.885149626257
0.0 0.0 0.00532252803351 0.0 0.0 0.884357471967
0.0 0.0 0.00617713780881 0.0 0.0 0.883502862191
0.0 0.0 0.00709382720789 0.0 0.0 0.882586172792
0.0 0.0 0.00807218884339 0.0 0.0 0.881607811157
0.0 0.0 0.00911178304385 0.0 0.0 0.880568216956
0.0 0.0 0.0102121370371 0.0 0.0 0.879467862963
0.0 0.0 0.0113727440734 0.0 0.0 0.878307255927
0.0 0.0 0.0125930624873 0.0 0.0 0.877086937513
0.0 0.0 0.0138725146974 0.0 0.0 0.875807485303
0.0 0.0 0.0152104861418 0.0 0.0 0.874469513859
0.0 0.0 0.0166063241491 0.0 0.0 0.873073675851
0.0 0.0 0.0180593367436 0.0 0.0 0.871620663257
0.0 0.0 0.0195687913832 0.0 0.0 0.870111208617
0.0 0.0 0.0211339136299 0.0 0.0 0.86854608637
0.0 0.0 0.0227538857506 0.0 0.0 0.86692611425
0.0 0.0 0.0244278452493 0.0 0.0 0.865252154751
0.0 0.0 0.0261548833297 0.0 0.0 0.863525116671
0.0 0.0 0.0279340432868 0.0 0.0 0.861745956714
0.0 0.0 0.0297643188294 0.0 0.0 0.859915681171
0.0 0.0 0.0316446523331 0.0 0.0 0.858035347667
0.0 0.0 0.0335739330252 0.0 0.0 0.856106066975
0.0 0.0 0.0355509951019 0.0 0.0 0.854129004899
0.0 0.0 0.0375746157816 0.0 0.0 0.852105384219
0.0 0.0 0.039643513296 0.0 0.0 0.850036486704
0.0 0.0 0.0417563448224 0.0 0.0 0.847923655178
0.0 0.0 0.0439117043623 0.0 0.0 0.845768295638
0.0 0.0 0.0461081205715 0.0 0.0 0.843571879429
0.0 0.0 0.0483440545481 0.0 0.0 0.841335945452
0.0 0.0 0.0506178975869 0.0 0.0 0.839062102414
0.0 0.0 0.0529279689083 0.0 0.0 0.836752031092
0.0 0.0 0.0552725133738 0.0 0.0 0.834407486627
0.0 0.0 0.0576496991992 0.0 0.0 0.832030300801
0.0 0.0 0.0600576156811 0.0 0.0 0.829622384319
0.0 0.0 0.0624942709513 0.0 0.0 0.827185729049
0.0 0.0 0.0649575897792 0.0 0.0 0.824722410221
0.0 0.0 0.0674454114407 0.0 0.0 0.82223458856
0.0 0.0 0.0699554876785 0.0 0.0 0.819724512322
0.0 0.0 0.0724854807772 0.0 0.0 0.817194519223
0.0 0.0 0.0750329617827 0.0 0.0 0.814647038218
0.0 0.0 0.0775954088956 0.0 0.0 0.812084591105
0.0 0.0 0.0801702060716 0.0 0.0 0.809509793929
0.0 0.0 0.082754641866 0.0 0.0 0.806925358134
0.0 0.0 0.0853459085599 0.0 0.0 0.804334091441
0.0 0.0 0.0879411016097 0.0 0.0 0.801738898391
0.0 0.0 0.0905372194644 0.0 0.0 0.799142780536
0.0 0.0 0.0931311637957 0.0 0.0 0.796548836205
0.0 0.0 0.0957197401904 0.0 0.0 0.79396025981
0.0 0.0 0.0982996593544 0.0 0.0 0.791380340646
0.0 0.0 0.10086753888 0.0 0.0 0.78881246112
0.0 0.0 0.103419905629 0.0 0.0 0.786260094372
0.0 0.0 0.105953198783 0.0 0.0 0.783726801218
0.0 0.0 0.108463773616 0.0 0.0 0.781216226384
0.0 0.0 0.110947906038 0.0 0.0 0.778732093963
0.0 0.0 0.113401797955 0.0 0.0 0.776278202046
0.0 0.0 0.1158215835 0.0 0.0 0.7738584165
0.0 0.0 0.11820333617 0.0 0.0 0.77147666383
0.0 0.0 0.120543076899 0.0 0.0 0.769136923102
0.0 0.0 0.122836783108 0.0 0.0 0.766843216892
0.0 0.0 0.125080398748 0.0 0.0 0.764599601252
0.0 0.0 0.127269845335 0.0 0.0 0.762410154666
0.0 0.0 0.129401033989 0.0 0.0 0.760278966011
0.0 0.0 0.131469878464 0.0 0.0 0.758210121537
0.0 0.0 0.133472309117 0.0 0.0 0.756207690883
0.0 0.0 0.135404287811 0.0 0.0 0.75427571219
0.0 0.0 0.137261823641 0.0 0.0 0.752418176359
0.0 0.0 0.139040989455 0.0 0.0 0.750639010546
0.0 0.0 0.14073793902 0.0 0.0 0.74894206098
0.0 0.0 0.142348924766 0.0 0.0 0.747331075235
0.0 0.0 0.143870315921 0.0 0.0 0.74580968408
0.0 0.0 0.145298616933 0.0 0.0 0.744381383068
0.0 0.0 0.146630485963 0.0 0.0 0.743049514037
0.0 0.0 0.147862753298 0.0 0.0 0.741817246703
0.0 0.0 0.148992439459 0.0 0.0 0.740687560542
0.0 0.0 0.150016772817 0.0 0.0 0.739663227183
0.0 0.0 0.150933206489 0.0 0.0 0.738746793512
0.0 0.0 0.151739434302 0.0 0.0 0.737940565699
0.0 0.0 0.152433405619 0.0 0.0 0.737246594382
0.0 0.0 0.153013338809 0.0 0.0 0.736666661192
0.0 0.0 0.15347773318 0.0 0.0 0.73620226682
0.0 0.0 0.153825379192 0.0 0.0 0.735854620809
0.0 0.0 0.154055366795 0.0 0.0 0.735624633206
0.0 0.0 0.154167091772 0.0 0.0 0.735512908229
0.0 0.0 0.154160259977 0.0 0.0 0.735519740023
0.0 0.0 0.154034889409 0.0 0.0 0.735645110592
0.0 0.0 0.153791310082 0.0 0.0 0.735888689918
0.0 0.0 0.153430161706 0.0 0.0 0.736249838295
0.0 0.0 0.152952389193 0.0 0.0 0.736727610807
0.0 0.0 0.152359236091 0.0 0.0 0.73732076391
0.0 0.0 0.151652236011 0.0 0.0 0.73802776399
0.0 0.0 0.150833202214 0.0 0.0 0.738846797787
0.0 0.0 0.149904215492 0.0 0.0 0.739775784509
0.0 0.0 0.148867610527 0.0 0.0 0.740812389473
0.0 0.0 0.147725960929 0.0 0.0 0.741954039071
0.0 0.0 0.146482063149 0.0 0.0 0.743197936851
0.0 0.0 0.145138919491 0.0 0.0 0.74454108051
0.0 0.0 0.143699720429 0.0 0.0 0.745980279572
0.0 0.0 0.142167826452 0.0 0.0 0.747512173549
0.0 0.0 0.140546749635 0.0 0.0 0.749133250366
0.0 0.0 0.138840135137 0.0 0.0 0.750839864863
0.0 0.0 0.137051742818 0.0 0.0 0.752628257183
0.0 0.0 0.135185429123 0.0 0.0 0.754494570877
0.0 0.0 0.133245129417 0.0 0.0 0.756434870584
0.0 0.0 0.13123484087 0.0 0.0 0.75844515913
0.0 0.0 0.129158606039 0.0 0.0 0.760521393961
0.0 0.0 0.12702049722 0.0 0.0 0.762659502781
0.0 0.0 0.124824601657 0.0 0.0 0.764855398343
0.0 0.0 0.122575007679 0.0 0.0 0.767104992322
0.0 0.0 0.120275791778 0.0 0.0 0.769404208223
0.0 0.0 0.117931006693 0.0 0.0 0.771748993308
0.0 0.0 0.115544670482 0.0 0.0 0.774135329519
0.0 0.0 0.113120756596 0.0 0.0 0.776559243405
0.0 0.0 0.110663184948 0.0 0.0 0.779016815052
0.0 0.0 0.108175813944 0.0 0.0 0.781504186057
0.0 0.0 0.10566243345 0.0 0.0 0.78401756655
0.0 0.0 0.103126758673 0.0 0.0 0.786553241328
0.0 0.0 0.100572424887 0.0 0.0 0.789107575114
0.0 0.0 0.0980029829873 0.0 0.0 0.791677017013
0.0 0.0 0.0954218958019 0.0 0.0 0.794258104199
0.0 0.0 0.0928325351205 0.0 0.0 0.79684746488
0.0 0.0 0.0902381793852 0.0 0.0 0.799441820616
0.0 0.0 0.0876420119907 0.0 0.0 0.80203798801
0.0 0.0 0.0850471201419 0.0 0.0 0.804632879859
0.0 0.0 0.0824564942174 0.0 0.0 0.807223505783
0.0 0.0 0.0798730275892 0.0 0.0 0.809806972412
0.0 0.0 0.0772995168502 0.0 0.0 0.812380483151
0.0 0.0 0.074738662404 0.0 0.0 0.814941337597
0.0 0.0 0.0721930693734 0.0 0.0 0.817486930627
0.0 0.0 0.0696652487858 0.0 0.0 0.820014751215
0.0 0.0 0.0671576189985 0.0 0.0 0.822522381002
0.0 0.0 0.0646725073268 0.0 0.0 0.825007492674
0.0 0.0 0.0622121518432 0.0 0.0 0.827467848158
0.0 0.0 0.0597787033164 0.0 0.0 0.829901296684
0.0 0.0 0.057374227263 0.0 0.0 0.832305772738
0.0 0.0 0.0550007060872 0.0 0.0 0.834679293914
0.0 0.0 0.0526600412854 0.0 0.0 0.837019958715
0.0 0.0 0.0503540556952 0.0 0.0 0.839325944306
0.0 0.0 0.0480844957721 0.0 0.0 0.841595504229
0.0 0.0 0.0458530338756 0.0 0.0 0.843826966125
0.0 0.0 0.043661270554 0.0 0.0 0.846018729447
0.0 0.0 0.0415107368119 0.0 0.0 0.848169263189
0.0 0.0 0.0394028963534 0.0 0.0 0.850277103647
0.0 0.0 0.0373391477888 0.0 0.0 0.852340852212
0.0 0.0 0.0353208267999 0.0 0.0 0.854359173201
0.0 0.0 0.033349208255 0.0 0.0 0.856330791746
0.0 0.0 0.0314255082702 0.0 0.0 0.858254491731
0.0 0.0 0.0295508862111 0.0 0.0 0.86012911379
0.0 0.0 0.0277264466329 0.0 0.0 0.861953553368
0.0 0.0 0.0259532411548 0.0 0.0 0.863726758846
0.0 0.0 0.0242322702674 0.0 0.0 0.865447729733
0.0 0.0 0.0225644850721 0.0 0.0 0.867115514929
0.0 0.0 0.0209507889508 0.0 0.0 0.86872921105
0.0 0.0 0.019392039165 0.0 0.0 0.870287960836
0.0 0.0 0.0178890483866 0.0 0.0 0.871790951614
0.0 0.0 0.0164425861569 0.0 0.0 0.873237413844
0.0 0.0 0.0150533802781 0.0 0.0 0.874626619723
0.0 0.0 0.0137221181345 0.0 0.0 0.875957881866
0.0 0.0 0.0124494479475 0.0 0.0 0.877230552053
0.0 0.0 0.0112359799621 0.0 0.0 0.878444020039
0.0 0.0 0.0100822875692 0.0 0.0 0.879597712432
0.0 0.0 0.00898890836177 0.0 0.0 0.880691091639
0.0 0.0 0.0079563451284 0.0 0.0 0.881723654873
0.0 0.0 0.00698506678433 0.0 0.0 0.882694933217
0.0 0.0 0.00607550924116 0.0 0.0 0.88360449076
0.0 0.0 0.00522807621668 0.0 0.0 0.884451923784
0.0 0.0 0.00444313998588 0.0 0.0 0.885236860015
0.0 0.0 0.00372104207416 0.0 0.0 0.885958957927
0.0 0.0 0.00306209389393 0.0 0.0 0.886617906107
0.0 0.0 0.00246657732544 0.0 0.0 0.887213422675
0.0 0.0 0.00193474524291 0.0 0.0 0.887745254758
0.0 0.0 0.00146682198673 0.0 0.0 0.888213178014
0.0 0.0 0.00106300378258 0.0 0.0 0.888616996218
0.0 0.0 0.000723459108079 0.0 0.0 0.888956540893
0.0 0.0 0.00044832900779 0.0 0.0 0.889231670993
0.0 0.0 0.00023772735686 0.0 0.0 0.889442272644
0.0 0.0 9.17410739902e-05 0.0 0.0 0.889588258927
0.0 0.0 1.04302839809e-05 0.0 0.0 0.889669569717
0.0 0.0 -6.17156981268e-06 0.0 0.0 0.889686171571
0.0 0.0 4.19423370715e-05 0.0 0.0 0.889638057664
0.0 0.0 0.000154752222968 0.0 0.0 0.889525247778
0.0 0.0 0.000332211663081 0.0 0.0 0.889347788338
0.0 0.0 0.000574247502656 0.0 0.0 0.889105752498
0.0 0.0 0.000880759720159 0.0 0.0 0.888799240281
0.0 0.0 0.00125162124023 0.0 0.0 0.888428378761
0.0 0.0 0.00168667769607 0.0 0.0 0.887993322305
0.0 0.0 0.00218574714087 0.0 0.0 0.88749425286
0.0 0.0 0.00274861970773 0.0 0.0 0.886931380293
0.0 0.0 0.00337505721753 0.0 0.0 0.886304942783
0.0 0.0 0.00406479273409 0.0 0.0 0.885615207267
0.0 0.0 0.00481753006577 0.0 0.0 0.884862469935
0.0 0.0 0.00563294321283 0.0 0.0 0.884047056788
0.0 0.0 0.00651067575958 0.0 0.0 0.883169324241
0.0 0.0 0.00745034021034 0.0 0.0 0.882229659791
0.0 0.0 0.00845151726819 0.0 0.0 0.881228482733
0.0 0.0 0.00951375505551 0.0 0.0 0.880166244946
0.0 0.0 0.0106365682751 0.0 0.0 0.879043431726
0.0 0.0 0.0118194373106 0.0 0.0 0.87786056269
0.0 0.0 0.0130618072657 0.0 0.0 0.876618192735
0.0 0.0 0.0143630869395 0.0 0.0 0.875316913062
0.0 0.0 0.0157226477388 0.0 0.0 0.873957352262
0.0 0.0 0.0171398225247 0.0 0.0 0.872540177476
0.0 0.0 0.0186139043924 0.0 0.0 0.871066095609
0.0 0.0 0.0201441453844 0.0 0.0 0.869535854617
0.0 0.0 0.0217297551355 0.0 0.0 0.867950244866
0.0 0.0 0.0233698994478 0.0 0.0 0.866310100553
0.0 0.0 0.0250636987972 0.0 0.0 0.864616301204
0.0 0.0 0.0268102267693 0.0 0.0 0.862869773232
0.0 0.0 0.0286085084259 0.0 0.0 0.861071491575
0.0 0.0 0.0304575186011 0.0 0.0 0.8592224814
0.0 0.0 0.032356180129 0.0 0.0 0.857323819872
0.0 0.0 0.0343033620031 0.0 0.0 0.855376637998
0.0 0.0 0.0362978774697 0.0 0.0 0.853382122531
0.0 0.0 0.0383384820576 0.0 0.0 0.851341517944
0.0 0.0 0.0404238715468 0.0 0.0 0.849256128454
0.0 0.0 0.0425526798802 0.0 0.0 0.847127320121
0.0 0.0 0.0447234770239 0.0 0.0 0.844956522977
0.0 0.0 0.0469347667804 0.0 0.0 0.842745233221
0.0 0.0 0.0491849845632 0.0 0.0 0.840495015438
0.0 0.0 0.0514724951405 0.0 0.0 0.838207504861
0.0 0.0 0.0537955903583 0.0 0.0 0.835884409643
0.0 0.0 0.0561524868526 0.0 0.0 0.833527513149
0.0 0.0 0.0585413237665 0.0 0.0 0.831138676235
0.0 0.0 0.0609601604849 0.0 0.0 0.828719839516
0.0 0.0 0.0634069744043 0.0 0.0 0.826273025597
0.0 0.0 0.0658796587577 0.0 0.0 0.823800341243
0.0 0.0 0.0683760205143 0.0 0.0 0.821303979487
0.0 0.0 0.0708937783798 0.0 0.0 0.818786221621
0.0 0.0 0.0734305609215 0.0 0.0 0.81624943908
0.0 0.0 0.0759839048487 0.0 0.0 0.813696095152
0.0 0.0 0.0785512534788 0.0 0.0 0.811128746522
0.0 0.0 0.0811299554247 0.0 0.0 0.808550044576
0.0 0.0 0.0837172635389 0.0 0.0 0.805962736462
0.0 0.0 0.0863103341547 0.0 0.0 0.803369665846
0.0 0.0 0.088906226668 0.0 0.0 0.800773773333
0.0 0.0 0.0915019035015 0.0 0.0 0.7981780965
0.0 0.0 0.0940942305018 0.0 0.0 0.795585769499
0.0 0.0 0.0966799778155 0.0 0.0 0.793000022186
0.0 0.0 0.0992558212966 0.0 0.0 0.790424178705
0.0 0.0 0.101818344497 0.0 0.0 0.787861655504
0.0 0.0 0.104364041291 0.0 0.0 0.785315958711
0.0 0.0 0.106889319188 0.0 0.0 0.782790680813
0.0 0.0 0.109390503387 0.0 0.0 0.780289496615
0.0 0.0 0.111863841615 0.0 0.0 0.777816158386
0.0 0.0 0.114305509812 0.0 0.0 0.77537449019
0.0 0.0 0.116711618685 0.0 0.0 0.772968381316
0.0 0.0 0.119078221198 0.0 0.0 0.770601778803
0.0 0.0 0.121401321001 0.0 0.0 0.768278679
0.0 0.0 0.123676881847 0.0 0.0 0.766003118154
0.0 0.0 0.125900838004 0.0 0.0 0.763779161998
0.0 0.0 0.128069105664 0.0 0.0 0.761610894337
0.0 0.0 0.130177595356 0.0 0.0 0.759502404646
0.0 0.0 0.13222222532 0.0 0.0 0.757457774681
0.0 0.0 0.134198935843 0.0 0.0 0.755481064158
0.0 0.0 0.136103704462 0.0 0.0 0.753576295539
0.0 0.0 0.137932562008 0.0 0.0 0.751747437993
0.0 0.0 0.139681609369 0.0 0.0 0.749998390632
0.0 0.0 0.141347034893 0.0 0.0 0.748332965108
0.0 0.0 0.142925132292 0.0 0.0 0.746754867709
0.0 0.0 0.144412318902 0.0 0.0 0.7452676811
0.0 0.0 0.14580515415 0.0 0.0 0.743874845851
0.0 0.0 0.147100358046 0.0 0.0 0.742579641955
0.0 0.0 0.148294829499 0.0 0.0 0.741385170502
0.0 0.0 0.149385664274 0.0 0.0 0.740294335727
0.0 0.0 0.15037017236 0.0 0.0 0.739309827642
0.0 0.0 0.151245894544 0.0 0.0 0.738434105457
0.0 0.0 0.152010617985 0.0 0.0 0.737669382016
0.0 0.0 0.152662390548 0.0 0.0 0.737017609453
0.0 0.0 0.153199533733 0.0 0.0 0.736480466269
0.0 0.0 0.153620653982 0.0 0.0 0.736059346019
0.0 0.0 0.153924652219 0.0 0.0 0.735755347782
0.0 0.0 0.154110731451 0.0 0.0 0.73556926855
0.0 0.0 0.154178402347 0.0 0.0 0.735501597654
0.0 0.0 0.15412748667 0.0 0.0 0.735552513332
0.0 0.0 0.153958118538 0.0 0.0 0.735721881463
0.0 0.0 0.15367074348 0.0 0.0 0.736009256521
0.0 0.0 0.153266115297 0.0 0.0 0.736413884704
0.0 0.0 0.152745290791 0.0 0.0 0.73693470921
0.0 0.0 0.152109622439 0.0 0.0 0.737570377563
0.0 0.0 0.151360749119 0.0 0.0 0.738319250883
0.0 0.0 0.150500585043 0.0 0.0 0.739179414958
0.0 0.0 0.149531307052 0.0 0.0 0.74014869295
0.0 0.0 0.148455340456 0.0 0.0 0.741224659545
0.0 0.0 0.147275343635 0.0 0.0 0.742404656366
0.0 0.0 0.145994191589 0.0 0.0 0.743685808412
0.0 0.0 0.144614958666 0.0 0.0 0.745065041335
0.0 0.0 0.14314090068 0.0 0.0 0.746539099321
0.0 0.0 0.141575436629 0.0 0.0 0.748104563372
0.0 0.0 0.139922130219 0.0 0.0 0.749757869782
0.0 0.0 0.138184671384 0.0 0.0 0.751495328617
0.0 0.0 0.136366857981 0.0 0.0 0.75331314202
0.0 0.0 0.13447257783 0.0 0.0 0.755207422172
0.0 0.0 0.132505791233 0.0 0.0 0.757174208768
0.0 0.0 0.130470514112 0.0 0.0 0.759209485889
0.0 0.0 0.128370801861 0.0 0.0 0.761309198141
0.0 0.0 0.126210734011 0.0 0.0 0.76346926599
0.0 0.0 0.12399439978 0.0 0.0 0.765685600221
0.0 0.0 0.121725884551 0.0 0.0 0.76795411545
0.0 0.0 0.119409257327 0.0 0.0 0.770270742674
0.0 0.0 0.117048559176 0.0 0.0 0.772631440825
0.0 0.0 0.114647792679 0.0 0.0 0.775032207322
0.0 0.0 0.112210912378 0.0 0.0 0.777469087623
0.0 0.0 0.1097418162 0.0 0.0 0.779938183802
0.0 0.0 0.107244337843 0.0 0.0 0.782435662158
0.0 0.0 0.10472224009 0.0 0.0 0.784957759911
0.0 0.0 0.102179209004 0.0 0.0 0.787500790998
0.0 0.0 0.0996188489693 0.0 0.0 0.790061151032
0.0 0.0 0.0970446785358 0.0 0.0 0.792635321466
0.0 0.0 0.0944601269992 0.0 0.0 0.795219873002
0.0 0.0 0.0918685316847 0.0 0.0 0.797811468317
0.0 0.0 0.0892731358694 0.0 0.0 0.800406864132
0.0 0.0 0.0866770872962 0.0 0.0 0.803002912705
0.0 0.0 0.084083437225 0.0 0.0 0.805596562776
0.0 0.0 0.081495139972 0.0 0.0 0.808184860029
0.0 0.0 0.0789150528859 0.0 0.0 0.810764947115
0.0 0.0 0.0763459367158 0.0 0.0 0.813334063285
0.0 0.0 0.0737904563244 0.0 0.0 0.815889543677
0.0 0.0 0.0712511817038 0.0 0.0 0.818428818298
0.0 0.0 0.0687305892545 0.0 0.0 0.820949410747
0.0 0.0 0.0662310632904 0.0 0.0 0.823448936711
0.0 0.0 0.063754897734 0.0 0.0 0.825925102267
0.0 0.0 0.0613042979705 0.0 0.0 0.828375702031
0.0 0.0 0.0588813828328 0.0 0.0 0.830798617169
0.0 0.0 0.0564881866877 0.0 0.0 0.833191813314
0.0 0.0 0.0541266616031 0.0 0.0 0.835553338398
0.0 0.0 0.0517986795704 0.0 0.0 0.837881320431
0.0 0.0 0.0495060347667 0.0 0.0 0.840173965235
0.0 0.0 0.0472504458361 0.0 0.0 0.842429554165
0.0 0.0 0.0450335581773 0.0 0.0 0.844646441824
0.0 0.0 0.0428569462229 0.0 0.0 0.846823053779
0.0 0.0 0.0407221156993 0.0 0.0 0.848957884302
0.0 0.0 0.0386305058574 0.0 0.0 0.851049494144
0.0 0.0 0.0365834916645 0.0 0.0 0.853096508337
0.0 0.0 0.0345823859514 0.0 0.0 0.85509761405
0.0 0.0 0.0326284415086 0.0 0.0 0.857051558493
0.0 0.0 0.0307228531256 0.0 0.0 0.858957146876
0.0 0.0 0.0288667595698 0.0 0.0 0.860813240432
0.0 0.0 0.0270612455029 0.0 0.0 0.862618754499
0.0 0.0 0.0253073433302 0.0 0.0 0.864372656671
0.0 0.0 0.0236060349834 0.0 0.0 0.866073965018
0.0 0.0 0.0219582536334 0.0 0.0 0.867721746368
0.0 0.0 0.0203648853346 0.0 0.0 0.869315114667
0.0 0.0 0.018826770598 0.0 0.0 0.870853229403
0.0 0.0 0.0173447058954 0.0 0.0 0.872335294106
0.0 0.0 0.0159194450937 0.0 0.0 0.873760554908
0.0 0.0 0.0145517008194 0.0 0.0 0.875128299182
0.0 0.0 0.0132421457558 0.0 0.0 0.876437854246
0.0 0.0 0.011991413872 0.0 0.0 0.877688586129
0.0 0.0 0.0108001015855 0.0 0.0 0.878879898416
0.0 0.0 0.00966876885982 0.0 0.0 0.880011231142
0.0 0.0 0.00859794023727 0.0 0.0 0.881082059764
0.0 0.0 0.00758810580912 0.0 0.0 0.882091894192
0.0 0.0 0.00663972212362 0.0 0.0 0.883040277878
0.0 0.0 0.00575321303337 0.0 0.0 0.883926786968
0.0 0.0 0.00492897048316 0.0 0.0 0.884751029518
0.0 0.0 0.00416735523937 0.0 0.0 0.885512644762
0.0 0.0 0.00346869756198 0.0 0.0 0.886211302439
0.0 0.0 0.00283329782035 0.0 0.0 0.886846702181
0.0 0.0 0.00226142705361 0.0 0.0 0.887418572948
0.0 0.0 0.00175332747666 0.0 0.0 0.887926672525
0.0 0.0 0.00130921293251 0.0 0.0 0.888370787069
0.0 0.0 0.000929269291853 0.0 0.0 0.88875073071
0.0 0.0 0.000613654800441 0.0 0.0 0.889066345201
0.0 0.0 0.000362500374909 0.0 0.0 0.889317499627
0.0 0.0 0.000175909847567 0.0 0.0 0.889504090154
0.0 0.0 5.39601605641e-05 0.0 0.0 0.889626039841
0.0 0.0 -3.29849020921e-06 0.0 0.0 0.889683298492
0.0 0.0 4.15743876468e-06 0.0 0.0 0.889675842563
0.0 0.0 7.63248826657e-05 0.0 0.0 0.889603675119
0.0 0.0 0.000213174162605 0.0 0.0 0.889466825839
0.0 0.0 0.000414648930111 0.0 0.0 0.889265351071
0.0 0.0 0.00068066606174 0.0 0.0 0.88899933394
0.0 0.0 0.00101111550362 0.0 0.0 0.888668884498
0.0 0.0 0.00140586006564 0.0 0.0 0.888274139936
0.0 0.0 0.00186473516497 0.0 0.0 0.887815264837
0.0 0.0 0.00238754851839 0.0 0.0 0.887292451483
0.0 0.0 0.00297407978291 0.0 0.0 0.886705920219
0.0 0.0 0.00362408014419 0.0 0.0 0.886055919857
0.0 0.0 0.00433727185181 0.0 0.0 0.88534272815
0.0 0.0 0.00511334770087 0.0 0.0 0.884566652301
0.0 0.0 0.0059519704589 0.0 0.0 0.883728029543
0.0 0.0 0.00685277223723 0.0 0.0 0.882827227764
0.0 0.0 0.00781535380583 0.0 0.0 0.881864646196
0.0 0.0 0.00883928385054 0.0 0.0 0.880840716151
0.0 0.0 0.00992409817166 0.0 0.0 0.87975590183
0.0 0.0 0.0110692988226 0.0 0.0 0.878610701179
0.0 0.0 0.0122743531879 0.0 0.0 0.877405646814
0.0 0.0 0.0135386929983 0.0 0.0 0.876141307003
0.0 0.0 0.0148617132836 0.0 0.0 0.874818286718
0.0 0.0 0.0162427712598 0.0 0.0 0.873437228742
0.0 0.0 0.0176811851517 0.0 0.0 0.87199881485
0.0 0.0 0.0191762329476 0.0 0.0 0.870503767054
0.0 0.0 0.0207271510877 0.0 0.0 0.868952848914
0.0 0.0 0.0223331330824 0.0 0.0 0.867346866919
0.0 0.0 0.0239933280626 0.0 0.0 0.865686671939
0.0 0.0 0.02570683926 0.0 0.0 0.863973160742
0.0 0.0 0.0274727224165 0.0 0.0 0.862207277585
0.0 0.0 0.0292899841251 0.0 0.0 0.860390015876
0.0 0.0 0.0311575801005 0.0 0.0 0.858522419901
0.0 0.0 0.0330744133805 0.0 0.0 0.856605586621
0.0 0.0 0.0350393324617 0.0 0.0 0.85464066754
0.0 0.0 0.0370511293681 0.0 0.0 0.852628870633
0.0 0.0 0.0391085376581 0.0 0.0 0.850571462343
0.0 0.0 0.0412102303714 0.0 0.0 0.84846976963
0.0 0.0 0.0433548179209 0.0 0.0 0.846325182081
0.0 0.0 0.0455408459348 0.0 0.0 0.844139154067
0.0 0.0 0.0477667930548 0.0 0.0 0.841913206947
0.0 0.0 0.0500310686978 0.0 0.0 0.839648931304
0.0 0.0 0.052332010791 0.0 0.0 0.837347989211
0.0 0.0 0.0546678834893 0.0 0.0 0.835012116512
0.0 0.0 0.0570368748878 0.0 0.0 0.832643125114
0.0 0.0 0.0594370947438 0.0 0.0 0.830242905258
0.0 0.0 0.0618665722219 0.0 0.0 0.82781342778
0.0 0.0 0.0643232536827 0.0 0.0 0.825356746319
0.0 0.0 0.0668050005321 0.0 0.0 0.822874999469
0.0 0.0 0.0693095871563 0.0 0.0 0.820370412845
0.0 0.0 0.0718346989644 0.0 0.0 0.817845301037
0.0 0.0 0.0743779305685 0.0 0.0 0.815302069433
0.0 0.0 0.0769367841289 0.0 0.0 0.812743215873
0.0 0.0 0.0795086678984 0.0 0.0 0.810171332103
0.0 0.0 0.0820908950006 0.0 0.0 0.807589105001
0.0 0.0 0.0846806824797 0.0 0.0 0.804999317522
0.0 0.0 0.0872751506634 0.0 0.0 0.802404849338
0.0 0.0 0.0898713228812 0.0 0.0 0.79980867712
0.0 0.0 0.0924661255843 0.0 0.0 0.797213874417
0.0 0.0 0.0950563889144 0.0 0.0 0.794623611087
0.0 0.0 0.0976388477722 0.0 0.0 0.792041152229
0.0 0.0 0.100210143434 0.0 0.0 0.789469856567
0.0 0.0 0.102766825774 0.0 0.0 0.786913174228
0.0 0.0 0.105305356136 0.0 0.0 0.784374643866
0.0 0.0 0.107822110917 0.0 0.0 0.781857889085
0.0 0.0 0.110313385908 0.0 0.0 0.779366614094
0.0 0.0 0.112775401441 0.0 0.0 0.776904598561
0.0 0.0 0.115204308391 0.0 0.0 0.77447569161
0.0 0.0 0.117596195078 0.0 0.0 0.772083804924
0.0 0.0 0.119947095095 0.0 0.0 0.769732904906
0.0 0.0 0.12225299611 0.0 0.0 0.767427003891
0.0 0.0 0.124509849646 0.0 0.0 0.765170150355
0.0 0.0 0.126713581866 0.0 0.0 0.762966418136
0.0 0.0 0.128860105354 0.0 0.0 0.760819894648
0.0 0.0 0.130945331892 0.0 0.0 0.75873466811
0.0 0.0 0.132965186195 0.0 0.0 0.756714813807
0.0 0.0 0.134915620573 0.0 0.0 0.754764379428
0.0 0.0 0.136792630463 0.0 0.0 0.752887369539
0.0 0.0 0.138592270742 0.0 0.0 0.751087729259
0.0 0.0 0.14031067275 0.0 0.0 0.749369327251
0.0 0.0 0.14194406189 0.0 0.0 0.747735938112
0.0 0.0 0.143488775679 0.0 0.0 0.746191224322
0.0 0.0 0.144941282115 0.0 0.0 0.744738717886
0.0 0.0 0.146298198165 0.0 0.0 0.743381801837
0.0 0.0 0.147556308216 0.0 0.0 0.742123691786
0.0 0.0 0.148712582287 0.0 0.0 0.740967417715
0.0 0.0 0.149764193785 0.0 0.0 0.739915806217
0.0 0.0 0.15070853661 0.0 0.0 0.738971463391
0.0 0.0 0.151543241379 0.0 0.0 0.738136758623
0.0 0.0 0.152266190558 0.0 0.0 0.737413809444
0.0 0.0 0.152875532306 0.0 0.0 0.736804467695
0.0 0.0 0.153369692819 0.0 0.0 0.736310307183
0.0 0.0 0.153747386993 0.0 0.0 0.735932613009
0.0 0.0 0.154007627264 0.0 0.0 0.735672372737
0.0 0.0 0.154149730473 0.0 0.0 0.735530269529
0.0 0.0 0.154173322644 0.0 0.0 0.735506677357
0.0 0.0 0.154078341627 0.0 0.0 0.735601658374
0.0 0.0 0.153865037531 0.0 0.0 0.735814962471
0.0 0.0 0.153533970959 0.0 0.0 0.736146029042
0.0 0.0 0.153086009079 0.0 0.0 0.736593990923
0.0 0.0 0.152522319567 0.0 0.0 0.737157680435
0.0 0.0 0.151844362547 0.0 0.0 0.737835637455
0.0 0.0 0.151053880634 0.0 0.0 0.738626119368
0.0 0.0 0.150152887232 0.0 0.0 0.73952711277
0.0 0.0 0.149143653272 0.0 0.0 0.74053634673
0.0 0.0 0.148028692563 0.0 0.0 0.741651307438
0.0 0.0 0.146810745981 0.0 0.0 0.742869254021
0.0 0.0 0.145492764683 0.0 0.0 0.744187235319
0.0 0.0 0.144077892589 0.0 0.0 0.745602107413
0.0 0.0 0.142569448325 0.0 0.0 0.747110551677
0.0 0.0 0.140970906843 0.0 0.0 0.748709093159
0.0 0.0 0.139285880925 0.0 0.0 0.750394119076
0.0 0.0 0.137518102746 0.0 0.0 0.752161897255
0.0 0.0 0.135671405681 0.0 0.0 0.754008594321
0.0 0.0 0.133749706505 0.0 0.0 0.755930293497
0.0 0.0 0.131756988128 0.0 0.0 0.757923011874
0.0 0.0 0.12969728299 0.0 0.0 0.759982717012
0.0 0.0 0.127574657201 0.0 0.0 0.762105342801
0.0 0.0 0.125393195534 0.0 0.0 0.764286804467
0.0 0.0 0.123156987308 0.0 0.0 0.766523012694
0.0 0.0 0.120870113229 0.0 0.0 0.768809886773
0.0 0.0 0.118536633211 0.0 0.0 0.771143366791
0.0 0.0 0.116160575195 0.0 0.0 0.773519424807
0.0 0.0 0.113745924965 0.0 0.0 0.775934075036
0.0 0.0 0.111296616969 0.0 0.0 0.778383383033
0.0 0.0 0.108816526095 0.0 0.0 0.780863473907
0.0 0.0 0.106309460413 0.0 0.0 0.783370539589
0.0 0.0 0.103779154818 0.0 0.0 0.785900845184
0.0 0.0 0.101229265544 0.0 0.0 0.788450734458
0.0 0.0 0.0986633655144 0.0 0.0 0.791016634487
0.0 0.0 0.0960849404596 0.0 0.0 0.793595059542
0.0 0.0 0.0934973857688 0.0 0.0 0.796182614233
0.0 0.0 0.090904004016 0.0 0.0 0.798775995986
0.0 0.0 0.0883080031086 0.0 0.0 0.801371996893
0.0 0.0 0.0857124950069 0.0 0.0 0.803967504995
0.0 0.0 0.083120494963 0.0 0.0 0.806559505039
0.0 0.0 0.0805349212274 0.0 0.0 0.809145078774
0.0 0.0 0.0779585951771 0.0 0.0 0.811721404825
0.0 0.0 0.0753942418164 0.0 0.0 0.814285758185
0.0 0.0 0.0728444906076 0.0 0.0 0.816835509394
0.0 0.0 0.0703118765894 0.0 0.0 0.819368123412
0.0 0.0 0.0677988417439 0.0 0.0 0.821881158258
0.0 0.0 0.0653077365759 0.0 0.0 0.824372263426
0.0 0.0 0.0628408218714 0.0 0.0 0.82683917813
0.0 0.0 0.0604002706034 0.0 0.0 0.829279729398
0.0 0.0 0.0579881699572 0.0 0.0 0.831691830045
0.0 0.0 0.0556065234497 0.0 0.0 0.834073476552
0.0 0.0 0.0532572531194 0.0 0.0 0.836422746882
0.0 0.0 0.050942201766 0.0 0.0 0.838737798236
0.0 0.0 0.048663135221 0.0 0.0 0.841016864781
0.0 0.0 0.0464217446337 0.0 0.0 0.843258255368
0.0 0.0 0.0442196487569 0.0 0.0 0.845460351245
0.0 0.0 0.04205839622 0.0 0.0 0.847621603782
0.0 0.0 0.0399394677797 0.0 0.0 0.849740532222
0.0 0.0 0.0378642785363 0.0 0.0 0.851815721466
0.0 0.0 0.0358341801109 0.0 0.0 0.853845819891
0.0 0.0 0.0338504627733 0.0 0.0 0.855829537229
0.0 0.0 0.0319143575179 0.0 0.0 0.857765642484
0.0 0.0 0.030027038081 0.0 0.0 0.859652961921
0.0 0.0 0.0281896228967 0.0 0.0 0.861490377105
0.0 0.0 0.0264031769888 0.0 0.0 0.863276823013
0.0 0.0 0.0246687137952 0.0 0.0 0.865011286207
0.0 0.0 0.0229871969252 0.0 0.0 0.866692803077
0.0 0.0 0.0213595418465 0.0 0.0 0.868320458155
0.0 0.0 0.0197866175034 0.0 0.0 0.869893382499
0.0 0.0 0.018269247864 0.0 0.0 0.871410752138
0.0 0.0 0.0168082133988 0.0 0.0 0.872871786603
0.0 0.0 0.0154042524881 0.0 0.0 0.874275747514
0.0 0.0 0.0140580627626 0.0 0.0 0.875621937239
0.0 0.0 0.012770302374 0.0 0.0 0.876909697628
0.0 0.0 0.0115415911999 0.0 0.0 0.878138408802
0.0 0.0 0.0103725119819 0.0 0.0 0.87930748802
0.0 0.0 0.009263611399 0.0 0.0 0.880416388603
0.0 0.0 0.0082154010768 0.0 0.0 0.881464598925
0.0 0.0 0.00722835853469 0.0 0.0 0.882451641467
0.0 0.0 0.00630292807104 0.0 0.0 0.883377071931
0.0 0.0 0.00543952158832 0.0 0.0 0.884240478414
0.0 0.0 0.0046385193591 0.0 0.0 0.885041480643
0.0 0.0 0.00390027073399 0.0 0.0 0.885779729268
0.0 0.0 0.00322509479264 0.0 0.0 0.886454905209
0.0 0.0 0.00261328093879 0.0 0.0 0.887066719063
0.0 0.0 0.00206508944038 0.0 0.0 0.887614910562
0.0 0.0 0.00158075191547 0.0 0.0 0.888099248087
0.0 0.0 0.0011604717649 0.0 0.0 0.888519528237
0.0 0.0 0.000804424552384 0.0 0.0 0.88887557545
0.0 0.0 0.000512758332664 0.0 0.0 0.889167241669
0.0 0.0 0.000285593928286 0.0 0.0 0.889394406074
0.0 0.0 0.000123025155545 0.0 0.0 0.889556974846
0.0 0.0 2.51189999199e-05 0.0 0.0 0.889654881002
0.0 0.0 -8.08425863424e-06 0.0 0.0 0.889688084261
0.0 0.0 2.34290296459e-05 0.0 0.0 0.889656570972
0.0 0.0 0.000119645909867 0.0 0.0 0.889560354092
0.0 0.0 0.000280526798246 0.0 0.0 0.889399473204
0.0 0.0 0.000506005408074 0.0 0.0 0.889173994594
0.0 0.0 0.000795988625739 0.0 0.0 0.888884011376
0.0 0.0 0.00115035633659 0.0 0.0 0.888529643665
0.0 0.0 0.00156896120035 0.0 0.0 0.888111038802
0.0 0.0 0.00205162837561 0.0 0.0 0.887628371626
0.0 0.0 0.0025981551931 0.0 0.0 0.887081844809
0.0 0.0 0.00320831077689 0.0 0.0 0.886471689225
0.0 0.0 0.00388183561317 0.0 0.0 0.885798164389
0.0 0.0 0.00461844106568 0.0 0.0 0.885061558936
0.0 0.0 0.00541780883708 0.0 0.0 0.884262191165
0.0 0.0 0.00627959037528 0.0 0.0 0.883400409627
0.0 0.0 0.00720340622398 0.0 0.0 0.882476593778
0.0 0.0 0.00818884531618 0.0 0.0 0.881491154686
0.0 0.0 0.00923546420974 0.0 0.0 0.880444535792
0.0 0.0 0.0103427862639 0.0 0.0 0.879337213738
0.0 0.0 0.0115103007552 0.0 0.0 0.878169699247
0.0 0.0 0.0127374619329 0.0 0.0 0.876942538069
0.0 0.0 0.0140236880105 0.0 0.0 0.875656311992
0.0 0.0 0.0153683600942 0.0 0.0 0.874311639908
0.0 0.0 0.0167708210469 0.0 0.0 0.872909178955
0.0 0.0 0.0182303742849 0.0 0.0 0.871449625717
0.0 0.0 0.0197462825085 0.0 0.0 0.869933717494
0.0 0.0 0.0213177663641 0.0 0.0 0.868362233638
0.0 0.0 0.0229440030381 0.0 0.0 0.866735996964
0.0 0.0 0.02462412478 0.0 0.0 0.865055875222
0.0 0.0 0.0263572173572 0.0 0.0 0.863322782645
0.0 0.0 0.0281423184389 0.0 0.0 0.861537681563
0.0 0.0 0.0299784159103 0.0 0.0 0.859701584092
0.0 0.0 0.0318644461179 0.0 0.0 0.857815553884
0.0 0.0 0.033799292046 0.0 0.0 0.855880707956
0.0 0.0 0.035781781427 0.0 0.0 0.853898218575
0.0 0.0 0.0378106847873 0.0 0.0 0.851869315215
0.0 0.0 0.039884713431 0.0 0.0 0.849795286571
0.0 0.0 0.0420025173663 0.0 0.0 0.847677482636
0.0 0.0 0.0441626831778 0.0 0.0 0.845517316824
0.0 0.0 0.0463637318515 0.0 0.0 0.843316268151
0.0 0.0 0.0486041165589 0.0 0.0 0.841075883443
0.0 0.0 0.0508822204073 0.0 0.0 0.838797779595
0.0 0.0 0.0531963541671 0.0 0.0 0.836483645835
0.0 0.0 0.0555447539861 0.0 0.0 0.834135246016
0.0 0.0 0.0579255791034 0.0 0.0 0.831754420899
0.0 0.0 0.0603369095787 0.0 0.0 0.829343090423
0.0 0.0 0.0627767440508 0.0 0.0 0.826903255951
0.0 0.0 0.0652429975466 0.0 0.0 0.824437002456
0.0 0.0 0.0677334993597 0.0 0.0 0.821946500642
0.0 0.0 0.0702459910221 0.0 0.0 0.81943400898
0.0 0.0 0.0727781243949 0.0 0.0 0.816901875607
0.0 0.0 0.0753274599059 0.0 0.0 0.814352540096
0.0 0.0 0.0778914649648 0.0 0.0 0.811788535037
0.0 0.0 0.0804675125906 0.0 0.0 0.809212487412
0.0 0.0 0.0830528802858 0.0 0.0 0.806627119716
0.0 0.0 0.0856447491982 0.0 0.0 0.804035250804
0.0 0.0 0.0882402036101 0.0 0.0 0.801439796392
0.0 0.0 0.0908362308011 0.0 0.0 0.798843769201
0.0 0.0 0.0934297213286 0.0 0.0 0.796250278674
0.0 0.0 0.096017469777 0.0 0.0 0.793662530225
0.0 0.0 0.0985961760234 0.0 0.0 0.791083823979
0.0 0.0 0.101162447074 0.0 0.0 0.788517552928
0.0 0.0 0.10371279952 0.0 0.0 0.785967200483
0.0 0.0 0.10624366267 0.0 0.0 0.783436337332
0.0 0.0 0.108751382408 0.0 0.0 0.780928617594
0.0 0.0 0.111232225829 0.0 0.0 0.778447774173
0.0 0.0 0.113682386698 0.0 0.0 0.775997613304
0.0 0.0 0.11609799178 0.0 0.0 0.773582008223
0.0 0.0 0.118475108085 0.0 0.0 0.771204891917
0.0 0.0 0.120809751055 0.0 0.0 0.768870248947
0.0 0.0 0.123097893727 0.0 0.0 0.766582106275
0.0 0.0 0.125335476883 0.0 0.0 0.764344523119
0.0 0.0 0.127518420209 0.0 0.0 0.762161579793
0.0 0.0 0.129642634448 0.0 0.0 0.760037365554
0.0 0.0 0.131704034534 0.0 0.0 0.757975965468
0.0 0.0 0.133698553681 0.0 0.0 0.755981446321
0.0 0.0 0.135622158373 0.0 0.0 0.754057841629
0.0 0.0 0.137470864197 0.0 0.0 0.752209135805
0.0 0.0 0.139240752435 0.0 0.0 0.750439247567
0.0 0.0 0.140927987309 0.0 0.0 0.748752012693
0.0 0.0 0.142528833772 0.0 0.0 0.74715116623
0.0 0.0 0.14403967569 0.0 0.0 0.745640324312
0.0 0.0 0.145457034277 0.0 0.0 0.744222965726
0.0 0.0 0.146777586589 0.0 0.0 0.742902413414
0.0 0.0 0.147998183913 0.0 0.0 0.741681816089
0.0 0.0 0.149115869832 0.0 0.0 0.740564130171
0.0 0.0 0.150127897762 0.0 0.0 0.73955210224
0.0 0.0 0.151031747758 0.0 0.0 0.738648252244
0.0 0.0 0.151825142355 0.0 0.0 0.737854857647
0.0 0.0 0.152506061249 0.0 0.0 0.737173938753
0.0 0.0 0.153072754597 0.0 0.0 0.736607245405
0.0 0.0 0.153523754765 0.0 0.0 0.736156245238
0.0 0.0 0.153857886325 0.0 0.0 0.735822113677
0.0 0.0 0.154074274181 0.0 0.0 0.735605725822
0.0 0.0 0.15417234966 0.0 0.0 0.735507650342
0.0 0.0 0.154151854515 0.0 0.0 0.735528145488
0.0 0.0 0.154012842738 0.0 0.0 0.735667157265
0.0 0.0 0.153755680183 0.0 0.0 0.735924319819
0.0 0.0 0.15338104199 0.0 0.0 0.736298958012
0.0 0.0 0.152889907851 0.0 0.0 0.736790092151
0.0 0.0 0.152283555203 0.0 0.0 0.737396444799
0.0 0.0 0.15156355044 0.0 0.0 0.738116449563
0.0 0.0 0.150731738292 0.0 0.0 0.73894826171
0.0 0.0 0.149790229524 0.0 0.0 0.739889770479
0.0 0.0 0.148741387129 0.0 0.0 0.740938612873
0.0 0.0 0.147587811229 0.0 0.0 0.742092188774
0.0 0.0 0.146332322871 0.0 0.0 0.743347677131
0.0 0.0 0.144977946951 0.0 0.0 0.744702053051
0.0 0.0 0.143527894462 0.0 0.0 0.746152105541
0.0 0.0 0.141985544298 0.0 0.0 0.747694455704
0.0 0.0 0.14035442481 0.0 0.0 0.749325575192
0.0 0.0 0.138638195304 0.0 0.0 0.751041804698
0.0 0.0 0.136840627683 0.0 0.0 0.752839372319
0.0 0.0 0.134965588376 0.0 0.0 0.754714411626
0.0 0.0 0.133017020728 0.0 0.0 0.756662979274
0.0 0.0 0.130998927961 0.0 0.0 0.758681072041
0.0 0.0 0.12891535684 0.0 0.0 0.760764643163
0.0 0.0 0.126770382119 0.0 0.0 0.762909617884
0.0 0.0 0.124568091858 0.0 0.0 0.765111908145
0.0 0.0 0.12231257366 0.0 0.0 0.767367426343
0.0 0.0 0.12000790187 0.0 0.0 0.769672098132
0.0 0.0 0.11765812577 0.0 0.0 0.772021874232
0.0 0.0 0.115267258765 0.0 0.0 0.774412741237
0.0 0.0 0.112839268576 0.0 0.0 0.776840731426
0.0 0.0 0.110378068417 0.0 0.0 0.779301931585
0.0 0.0 0.107887509138 0.0 0.0 0.781792490864
0.0 0.0 0.105371372301 0.0 0.0 0.784308627701
0.0 0.0 0.102833364155 0.0 0.0 0.786846635848
0.0 0.0 0.100277110466 0.0 0.0 0.789402889537
0.0 0.0 0.0977061521561 0.0 0.0 0.791973847846
0.0 0.0 0.0951239417046 0.0 0.0 0.794556058298
0.0 0.0 0.092533840252 0.0 0.0 0.79714615975
0.0 0.0 0.0899391153661 0.0 0.0 0.799740884636
0.0 0.0 0.0873429394079 0.0 0.0 0.802337060594
0.0 0.0 0.0847483884507 0.0 0.0 0.804931611552
0.0 0.0 0.0821584416982 0.0 0.0 0.807521558304
0.0 0.0 0.0795759813538 0.0 0.0 0.810104018649
0.0 0.0 0.0770037928924 0.0 0.0 0.81267620711
0.0 0.0 0.0744445656886 0.0 0.0 0.815235434314
0.0 0.0 0.0719008939594 0.0 0.0 0.817779106043
0.0 0.0 0.0693752779791 0.0 0.0 0.820304722023
0.0 0.0 0.06687012553 0.0 0.0 0.822809874472
0.0 0.0 0.0643877535514 0.0 0.0 0.825292246451
0.0 0.0 0.0619303899563 0.0 0.0 0.827749610046
0.0 0.0 0.0595001755855 0.0 0.0 0.830179824417
0.0 0.0 0.0570991662699 0.0 0.0 0.832580833733
0.0 0.0 0.0547293349793 0.0 0.0 0.834950665023
0.0 0.0 0.0523925740326 0.0 0.0 0.83728742597
0.0 0.0 0.0500906973514 0.0 0.0 0.839589302651
0.0 0.0 0.047825442738 0.0 0.0 0.841854557264
0.0 0.0 0.0455984741628 0.0 0.0 0.84408152584
0.0 0.0 0.0434113840468 0.0 0.0 0.846268615956
0.0 0.0 0.0412656955274 0.0 0.0 0.848414304475
0.0 0.0 0.0391628646977 0.0 0.0 0.850517135305
0.0 0.0 0.0371042828088 0.0 0.0 0.852575717194
0.0 0.0 0.0350912784293 0.0 0.0 0.854588721573
0.0 0.0 0.0331251195552 0.0 0.0 0.856554880447
0.0 0.0 0.0312070156633 0.0 0.0 0.858472984339
0.0 0.0 0.0293381197073 0.0 0.0 0.860341880295
0.0 0.0 0.0275195300494 0.0 0.0 0.862160469953
0.0 0.0 0.0257522923274 0.0 0.0 0.863927707675
0.0 0.0 0.0240374012549 0.0 0.0 0.865642598747
0.0 0.0 0.0223758023517 0.0 0.0 0.867304197651
0.0 0.0 0.0207683936061 0.0 0.0 0.868911606396
0.0 0.0 0.0192160270661 0.0 0.0 0.870463972936
0.0 0.0 0.0177195103612 0.0 0.0 0.871960489641
0.0 0.0 0.0162796081548 0.0 0.0 0.873400391848
0.0 0.0 0.0148970435264 0.0 0.0 0.874782956476
0.0 0.0 0.013572499286 0.0 0.0 0.876107500716
0.0 0.0 0.0123066192204 0.0 0.0 0.877373380782
0.0 0.0 0.011100009273 0.0 0.0 0.878579990729
0.0 0.0 0.00995323865766 0.0 0.0 0.879726761345
0.0 0.0 0.00886684090832 0.0 0.0 0.880813159094
0.0 0.0 0.00784131486487 0.0 0.0 0.881838685138
0.0 0.0 0.00687712559707 0.0 0.0 0.882802874405
0.0 0.0 0.00597470526741 0.0 0.0 0.883705294735
0.0 0.0 0.00513445393409 0.0 0.0 0.884545546068
0.0 0.0 0.00435674029526 0.0 0.0 0.885323259707
0.0 0.0 0.00364190237573 0.0 0.0 0.886038097627
0.0 0.0 0.00299024815701 0.0 0.0 0.886689751845
0.0 0.0 0.00240205615188 0.0 0.0 0.887277943851
0.0 0.0 0.00187757592421 0.0 0.0 0.887802424078
0.0 0.0 0.001417028555 0.0 0.0 0.888262971447
0.0 0.0 0.00102060705545 0.0 0.0 0.888659392947
0.0 0.0 0.000688476727633 0.0 0.0 0.888991523275
0.0 0.0 0.000420775473519 0.0 0.0 0.889259224529
0.0 0.0 0.000217614052785 0.0 0.0 0.88946238595
0.0 0.0 7.90762899515e-05 0.0 0.0 0.889600923712
0.0 0.0 5.21923114024e-06 0.0 0.0 0.889674780771
0.0 0.0 -3.92674922381e-06 0.0 0.0 0.889683926752
0.0 0.0 5.1642108398e-05 0.0 0.0 0.889628357894
0.0 0.0 0.00017190295569 0.0 0.0 0.889508097047
0.0 0.0 0.000356806293747 0.0 0.0 0.889323193709
0.0 0.0 0.000606275880492 0.0 0.0 0.889073724122
0.0 0.0 0.000920208588083 0.0 0.0 0.888759791414
0.0 0.0 0.00129847421006 0.0 0.0 0.888381525792
0.0 0.0 0.0017409152179 0.0 0.0 0.887939084784
0.0 0.0 0.00224734646651 0.0 0.0 0.887432653536
0.0 0.0 0.00281755484819 0.0 0.0 0.886862445154
0.0 0.0 0.0034512988945 0.0 0.0 0.886228701108
0.0 0.0 0.00414830832522 0.0 0.0 0.885531691677
0.0 0.0 0.00490828354382 0.0 0.0 0.884771716459
0.0 0.0 0.00573089507847 0.0 0.0 0.883949104924
0.0 0.0 0.00661578296776 0.0 0.0 0.883064217035
0.0 0.0 0.00756255609011 0.0 0.0 0.882117443912
0.0 0.0 0.00857079143595 0.0 0.0 0.881109208566
0.0 0.0 0.00964003332135 0.0 0.0 0.880039966681
0.0 0.0 0.0107697925423 0.0 0.0 0.87891020746
0.0 0.0 0.0119595454682 0.0 0.0 0.877720454534
0.0 0.0 0.0132087330734 0.0 0.0 0.876471266929
0.0 0.0 0.014516759906 0.0 0.0 0.875163240096
0.0 0.0 0.015882992992 0.0 0.0 0.87379700701
0.0 0.0 0.0173067606746 0.0 0.0 0.872373239328
0.0 0.0 0.0187873513864 0.0 0.0 0.870892648616
0.0 0.0 0.0203240123547 0.0 0.0 0.869355987648
0.0 0.0 0.0219159482381 0.0 0.0 0.867764051764
0.0 0.0 0.0235623196945 0.0 0.0 0.866117680308
0.0 0.0 0.0252622418786 0.0 0.0 0.864417758124
0.0 0.0 0.0270147828703 0.0 0.0 0.862665217132
0.0 0.0 0.0288189620331 0.0 0.0 0.860861037969
0.0 0.0 0.0306737483019 0.0 0.0 0.859006251701
0.0 0.0 0.0325780584029 0.0 0.0 0.857101941599
0.0 0.0 0.0345307550057 0.0 0.0 0.855149244997
0.0 0.0 0.0365306448088 0.0 0.0 0.853149355194
0.0 0.0 0.038576476562 0.0 0.0 0.85110352344
0.0 0.0 0.0406669390287 0.0 0.0 0.849013060974
0.0 0.0 0.0428006588913 0.0 0.0 0.846879341111
0.0 0.0 0.0449761986056 0.0 0.0 0.844703801397
0.0 0.0 0.0471920542092 0.0 0.0 0.842487945793
0.0 0.0 0.0494466530923 0.0 0.0 0.84023334691
0.0 0.0 0.0517383517385 0.0 0.0 0.837941648264
0.0 0.0 0.0540654334454 0.0 0.0 0.835614566557
0.0 0.0 0.0564261060375 0.0 0.0 0.833253893965
0.0 0.0 0.0588184995843 0.0 0.0 0.830861500418
0.0 0.0 0.0612406641377 0.0 0.0 0.828439335865
0.0 0.0 0.0636905675077 0.0 0.0 0.825989432495
0.0 0.0 0.0661660930944 0.0 0.0 0.823513906908
0.0 0.0 0.0686650377982 0.0 0.0 0.821014962204
0.0 0.0 0.0711851100331 0.0 0.0 0.818494889969
0.0 0.0 0.0737239278681 0.0 0.0 0.815956072134
0.0 0.0 0.0762790173274 0.0 0.0 0.813400982675
0.0 0.0 0.0788478108803 0.0 0.0 0.810832189122
0.0 0.0 0.0814276461558 0.0 0.0 0.808252353847
0.0 0.0 0.0840157649193 0.0 0.0 0.805664235083
0.0 0.0 0.0866093123508 0.0 0.0 0.803070687652
0.0 0.0 0.0892053366681 0.0 0.0 0.800474663334
0.0 0.0 0.0918007891389 0.0 0.0 0.797879210863
