0.0 0.0 0.0 0.0 0.0 0.9
0.0 0.0 6.67712728214e-05 0.0 0.0 0.899933228727
0.0 0.0 0.000200287975617 0.0 0.0 0.899799712024
0.0 0.0 0.000400498371888 0.0 0.0 0.899599501628
0.0 0.0 0.000667324729763 0.0 0.0 0.89933267527
0.0 0.0 0.00100066316918 0.0 0.0 0.898999336831
0.0 0.0 0.00140038345762 0.0 0.0 0.898599616542
0.0 0.0 0.00186632875409 0.0 0.0 0.898133671246
0.0 0.0 0.00239831530066 0.0 0.0 0.897601684699
0.0 0.0 0.00299613206117 0.0 0.0 0.897003867939
0.0 0.0 0.00365954030626 0.0 0.0 0.896340459694
0.0 0.0 0.0043882731439 0.0 0.0 0.895611726856
0.0 0.0 0.00518203499465 0.0 0.0 0.894817965005
0.0 0.0 0.00604050101052 0.0 0.0 0.893959498989
0.0 0.0 0.0069633164364 0.0 0.0 0.893036683564
0.0 0.0 0.00795009591292 0.0 0.0 0.892049904087
0.0 0.0 0.00900042271933 0.0 0.0 0.890999577281
0.0 0.0 0.0101138479553 0.0 0.0 0.889886152045
0.0 0.0 0.0112898896601 0.0 0.0 0.88871011034
0.0 0.0 0.0125280318675 0.0 0.0 0.887471968133
0.0 0.0 0.0138277235951 0.0 0.0 0.886172276405
0.0 0.0 0.015188377767 0.0 0.0 0.884811622233
0.0 0.0 0.0166093700667 0.0 0.0 0.883390629933
0.0 0.0 0.0180900377207 0.0 0.0 0.881909962279
0.0 0.0 0.0196296782094 0.0 0.0 0.880370321791
0.0 0.0 0.021227547905 0.0 0.0 0.878772452095
0.0 0.0 0.0228828606343 0.0 0.0 0.877117139366
0.0 0.0 0.0245947861652 0.0 0.0 0.875405213835
0.0 0.0 0.0263624486161 0.0 0.0 0.873637551384
0.0 0.0 0.028184924786 0.0 0.0 0.871815075214
0.0 0.0 0.0300612424065 0.0 0.0 0.869938757593
0.0 0.0 0.0319903783131 0.0 0.0 0.868009621687
0.0 0.0 0.0339712565369 0.0 0.0 0.866028743463
0.0 0.0 0.0360027463174 0.0 0.0 0.863997253683
0.0 0.0 0.038083660036 0.0 0.0 0.861916339964
0.0 0.0 0.0402127510727 0.0 0.0 0.859787248927
0.0 0.0 0.0423887115877 0.0 0.0 0.857611288412
0.0 0.0 0.0446101702312 0.0 0.0 0.855389829769
0.0 0.0 0.0468756897856 0.0 0.0 0.853124310214
0.0 0.0 0.0491837647437 0.0 0.0 0.850816235256
0.0 0.0 0.0515328188319 0.0 0.0 0.848467181168
0.0 0.0 0.0539212024829 0.0 0.0 0.846078797517
0.0 0.0 0.0563471902694 0.0 0.0 0.843652809731
0.0 0.0 0.0588089783082 0.0 0.0 0.841191021692
0.0 0.0 0.0613046816486 0.0 0.0 0.838695318351
0.0 0.0 0.0638323316585 0.0 0.0 0.836167668341
0.0 0.0 0.066389873426 0.0 0.0 0.833610126574
0.0 0.0 0.0689751631953 0.0 0.0 0.831024836805
0.0 0.0 0.0715859658596 0.0 0.0 0.82841403414
0.0 0.0 0.0742199525341 0.0 0.0 0.825780047466
0.0 0.0 0.0768746982375 0.0 0.0 0.823125301762
0.0 0.0 0.0795476797134 0.0 0.0 0.820452320287
0.0 0.0 0.0822362734221 0.0 0.0 0.817763726578
0.0 0.0 0.0849377537437 0.0 0.0 0.815062246256
0.0 0.0 0.0876492914291 0.0 0.0 0.812350708571
0.0 0.0 0.0903679523438 0.0 0.0 0.809632047656
0.0 0.0 0.093090696552 0.0 0.0 0.806909303448
0.0 0.0 0.0958143777883 0.0 0.0 0.804185622212
0.0 0.0 0.0985357433724 0.0 0.0 0.801464256628
0.0 0.0 0.101251434621 0.0 0.0 0.798748565379
0.0 0.0 0.103957987814 0.0 0.0 0.796042012186
0.0 0.0 0.106651835778 0.0 0.0 0.793348164222
0.0 0.0 0.109329310145 0.0 0.0 0.790670689855
0.0 0.0 0.111986644348 0.0 0.0 0.788013355652
0.0 0.0 0.114619977425 0.0 0.0 0.785380022575
0.0 0.0 0.117225358675 0.0 0.0 0.782774641325
0.0 0.0 0.119798753242 0.0 0.0 0.780201246757
0.0 0.0 0.122336048679 0.0 0.0 0.777663951321
0.0 0.0 0.124833062529 0.0 0.0 0.775166937471
0.0 0.0 0.127285550996 0.0 0.0 0.772714449004
0.0 0.0 0.129689218715 0.0 0.0 0.770310781285
0.0 0.0 0.132039729669 0.0 0.0 0.767960270331
0.0 0.0 0.134332719255 0.0 0.0 0.765667280745
0.0 0.0 0.136563807517 0.0 0.0 0.763436192483
0.0 0.0 0.138728613523 0.0 0.0 0.761271386477
0.0 0.0 0.140822770857 0.0 0.0 0.759177229143
0.0 0.0 0.142841944186 0.0 0.0 0.757158055814
0.0 0.0 0.144781846828 0.0 0.0 0.755218153172
0.0 0.0 0.146638259227 0.0 0.0 0.753361740773
0.0 0.0 0.148407048232 0.0 0.0 0.751592951768
0.0 0.0 0.150084187039 0.0 0.0 0.749915812961
0.0 0.0 0.151665775628 0.0 0.0 0.748334224372
0.0 0.0 0.153148061536 0.0 0.0 0.746851938463
0.0 0.0 0.15452746074 0.0 0.0 0.74547253926
0.0 0.0 0.155800578443 0.0 0.0 0.744199421557
0.0 0.0 0.156964229525 0.0 0.0 0.743035770475
0.0 0.0 0.158015458412 0.0 0.0 0.741984541588
0.0 0.0 0.1589515581 0.0 0.0 0.7410484419
0.0 0.0 0.159770088086 0.0 0.0 0.740229911913
0.0 0.0 0.160468890957 0.0 0.0 0.739531109043
0.0 0.0 0.161046107371 0.0 0.0 0.738953892629
0.0 0.0 0.161500189231 0.0 0.0 0.738499810769
0.0 0.0 0.161829910825 0.0 0.0 0.738170089175
0.0 0.0 0.162034377764 0.0 0.0 0.737965622236
0.0 0.0 0.162113033566 0.0 0.0 0.737886966434
0.0 0.0 0.16206566378 0.0 0.0 0.73793433622
0.0 0.0 0.161892397582 0.0 0.0 0.738107602418
0.0 0.0 0.161593706814 0.0 0.0 0.738406293186
0.0 0.0 0.161170402483 0.0 0.0 0.738829597517
0.0 0.0 0.160623628777 0.0 0.0 0.739376371223
0.0 0.0 0.159954854699 0.0 0.0 0.740045145301
0.0 0.0 0.15916586346 0.0 0.0 0.74083413654
0.0 0.0 0.158258739796 0.0 0.0 0.741741260204
0.0 0.0 0.157235855406 0.0 0.0 0.742764144594
0.0 0.0 0.156099852744 0.0 0.0 0.743900147256
0.0 0.0 0.154853627403 0.0 0.0 0.745146372597
0.0 0.0 0.153500309331 0.0 0.0 0.746499690669
0.0 0.0 0.15204324315 0.0 0.0 0.747956756849
0.0 0.0 0.15048596783 0.0 0.0 0.74951403217
0.0 0.0 0.148832195959 0.0 0.0 0.751167804041
0.0 0.0 0.147085792863 0.0 0.0 0.752914207137
0.0 0.0 0.145250755789 0.0 0.0 0.754749244211
0.0 0.0 0.143331193365 0.0 0.0 0.756668806635
0.0 0.0 0.141331305519 0.0 0.0 0.75866869448
0.0 0.0 0.139255364025 0.0 0.0 0.760744635975
0.0 0.0 0.13710769381 0.0 0.0 0.76289230619
0.0 0.0 0.134892655158 0.0 0.0 0.765107344841
0.0 0.0 0.132614626887 0.0 0.0 0.767385373113
0.0 0.0 0.130277990581 0.0 0.0 0.769722009419
0.0 0.0 0.127887115932 0.0 0.0 0.772112884068
0.0 0.0 0.125446347229 0.0 0.0 0.774553652771
0.0 0.0 0.122959990994 0.0 0.0 0.777040009006
0.0 0.0 0.120432304784 0.0 0.0 0.779567695216
0.0 0.0 0.117867487137 0.0 0.0 0.782132512863
0.0 0.0 0.115269668634 0.0 0.0 0.784730331366
0.0 0.0 0.112642904047 0.0 0.0 0.787357095952
0.0 0.0 0.109991165533 0.0 0.0 0.790008834467
0.0 0.0 0.107318336805 0.0 0.0 0.792681663195
0.0 0.0 0.104628208256 0.0 0.0 0.795371791744
0.0 0.0 0.101924472947 0.0 0.0 0.798075527053
0.0 0.0 0.0992107234166 0.0 0.0 0.800789276583
0.0 0.0 0.0964904492466 0.0 0.0 0.803509550753
0.0 0.0 0.0937670353141 0.0 0.0 0.806232964686
0.0 0.0 0.0910437606792 0.0 0.0 0.808956239321
0.0 0.0 0.0883237980411 0.0 0.0 0.811676201959
0.0 0.0 0.0856102137046 0.0 0.0 0.814389786295
0.0 0.0 0.0829059680039 0.0 0.0 0.817094031996
0.0 0.0 0.0802139161266 0.0 0.0 0.819786083873
0.0 0.0 0.0775368092904 0.0 0.0 0.822463190709
0.0 0.0 0.0748772962231 0.0 0.0 0.825122703777
0.0 0.0 0.072237924902 0.0 0.0 0.827762075098
0.0 0.0 0.0696211445132 0.0 0.0 0.830378855487
0.0 0.0 0.0670293075912 0.0 0.0 0.832970692409
0.0 0.0 0.0644646723056 0.0 0.0 0.835535327694
0.0 0.0 0.0619294048637 0.0 0.0 0.838070595136
0.0 0.0 0.0594255820002 0.0 0.0 0.840574418
0.0 0.0 0.0569551935293 0.0 0.0 0.843044806471
0.0 0.0 0.0545201449367 0.0 0.0 0.845479855063
0.0 0.0 0.0521222599907 0.0 0.0 0.847877740009
0.0 0.0 0.0497632833565 0.0 0.0 0.850236716643
0.0 0.0 0.0474448831969 0.0 0.0 0.852555116803
0.0 0.0 0.0451686537473 0.0 0.0 0.854831346253
0.0 0.0 0.042936117853 0.0 0.0 0.857063882147
0.0 0.0 0.04074872946 0.0 0.0 0.85925127054
0.0 0.0 0.0386078760508 0.0 0.0 0.861392123949
0.0 0.0 0.0365148810185 0.0 0.0 0.863485118981
0.0 0.0 0.0344710059744 0.0 0.0 0.865528994025
0.0 0.0 0.0324774529844 0.0 0.0 0.867522547015
0.0 0.0 0.0305353667314 0.0 0.0 0.869464633268
0.0 0.0 0.0286458366005 0.0 0.0 0.871354163399
0.0 0.0 0.0268098986866 0.0 0.0 0.873190101313
0.0 0.0 0.0250285377222 0.0 0.0 0.874971462278
0.0 0.0 0.0233026889256 0.0 0.0 0.876697311074
0.0 0.0 0.0216332397692 0.0 0.0 0.878366760231
0.0 0.0 0.0200210316686 0.0 0.0 0.879978968331
0.0 0.0 0.0184668615927 0.0 0.0 0.881533138407
0.0 0.0 0.0169714835964 0.0 0.0 0.883028516403
0.0 0.0 0.0155356102767 0.0 0.0 0.884464389723
0.0 0.0 0.0141599141532 0.0 0.0 0.885840085847
0.0 0.0 0.012845028975 0.0 0.0 0.887154971025
0.0 0.0 0.0115915509553 0.0 0.0 0.888408449044
0.0 0.0 0.0104000399355 0.0 0.0 0.889599960064
0.0 0.0 0.00927102047956 0.0 0.0 0.89072897952
0.0 0.0 0.0082049829012 0.0 0.0 0.891795017099
0.0 0.0 0.00720238422515 0.0 0.0 0.892797615775
0.0 0.0 0.0062636490837 0.0 0.0 0.893736350916
0.0 0.0 0.00538917055038 0.0 0.0 0.894610829449
0.0 0.0 0.0045793109121 0.0 0.0 0.895420689088
0.0 0.0 0.00383440238108 0.0 0.0 0.896165597619
0.0 0.0 0.00315474774782 0.0 0.0 0.896845252252
0.0 0.0 0.00254062097639 0.0 0.0 0.897459379023
0.0 0.0 0.00199226774315 0.0 0.0 0.898007732257
0.0 0.0 0.00150990591975 0.0 0.0 0.89849009408
0.0 0.0 0.00109372600163 0.0 0.0 0.898906273998
0.0 0.0 0.000743891482558 0.0 0.0 0.899256108517
0.0 0.0 0.000460539176129 0.0 0.0 0.899539460824
0.0 0.0 0.000243779484763 0.0 0.0 0.899756220515
0.0 0.0 9.36966167883e-05 0.0 0.0 0.899906303383
0.0 0.0 1.0348751992e-05 0.0 0.0 0.899989651248
0.0 0.0 -6.23184398969e-06 0.0 0.0 0.900006231844
0.0 0.0 4.39612437606e-05 0.0 0.0 0.899956038756
0.0 0.0 0.000160908592053 0.0 0.0 0.899839091408
0.0 0.0 0.000344564901405 0.0 0.0 0.899655435098
0.0 0.0 0.000594858906982 0.0 0.0 0.899405141093
0.0 0.0 0.000911693238485 0.0 0.0 0.899088306761
0.0 0.0 0.00129494422871 0.0 0.0 0.898705055771
0.0 0.0 0.00174446167039 0.0 0.0 0.898255538329
0.0 0.0 0.00226006852084 0.0 0.0 0.897739931479
0.0 0.0 0.00284156055384 0.0 0.0 0.897158439446
0.0 0.0 0.00348870595805 0.0 0.0 0.896511294042
0.0 0.0 0.00420124488115 0.0 0.0 0.895798755119
0.0 0.0 0.00497888891895 0.0 0.0 0.895021111081
0.0 0.0 0.0058213205483 0.0 0.0 0.894178679451
0.0 0.0 0.00672819250293 0.0 0.0 0.893271807497
0.0 0.0 0.00769912709093 0.0 0.0 0.892300872909
0.0 0.0 0.00873371545269 0.0 0.0 0.891266284547
0.0 0.0 0.00983151675797 0.0 0.0 0.890168483242
0.0 0.0 0.0109920573407 0.0 0.0 0.889007942659
0.0 0.0 0.0122148297701 0.0 0.0 0.88778517023
0.0 0.0 0.0134992918565 0.0 0.0 0.886500708143
0.0 0.0 0.0148448655904 0.0 0.0 0.885155134409
0.0 0.0 0.0162509360131 0.0 0.0 0.883749063987
0.0 0.0 0.0177168500175 0.0 0.0 0.882283149982
0.0 0.0 0.0192419150776 0.0 0.0 0.880758084922
0.0 0.0 0.0208253979039 0.0 0.0 0.879174602096
0.0 0.0 0.0224665230258 0.0 0.0 0.877533476974
0.0 0.0 0.0241644712967 0.0 0.0 0.875835528703
0.0 0.0 0.0259183783225 0.0 0.0 0.874081621677
0.0 0.0 0.0277273328121 0.0 0.0 0.872272667188
0.0 0.0 0.0295903748482 0.0 0.0 0.870409625152
0.0 0.0 0.0315064940789 0.0 0.0 0.868493505921
0.0 0.0 0.0334746278294 0.0 0.0 0.86652537217
0.0 0.0 0.035493659134 0.0 0.0 0.864506340866
0.0 0.0 0.0375624146893 0.0 0.0 0.86243758531
0.0 0.0 0.0396796627297 0.0 0.0 0.86032033727
0.0 0.0 0.0418441108275 0.0 0.0 0.858155889172
0.0 0.0 0.0440544036202 0.0 0.0 0.855945596379
0.0 0.0 0.0463091204692 0.0 0.0 0.85369087953
0.0 0.0 0.0486067730529 0.0 0.0 0.851393226947
0.0 0.0 0.0509458029034 0.0 0.0 0.849054197096
0.0 0.0 0.0533245788908 0.0 0.0 0.846675421109
0.0 0.0 0.0557413946652 0.0 0.0 0.844258605334
0.0 0.0 0.0581944660679 0.0 0.0 0.841805533932
0.0 0.0 0.0606819285217 0.0 0.0 0.839318071478
0.0 0.0 0.0632018344163 0.0 0.0 0.836798165583
0.0 0.0 0.0657521505045 0.0 0.0 0.834247849495
0.0 0.0 0.0683307553274 0.0 0.0 0.831669244672
0.0 0.0 0.070935436691 0.0 0.0 0.829064563309
0.0 0.0 0.0735638892171 0.0 0.0 0.826436110783
0.0 0.0 0.0762137119949 0.0 0.0 0.823786288005
0.0 0.0 0.0788824063647 0.0 0.0 0.821117593635
0.0 0.0 0.0815673738643 0.0 0.0 0.818432626135
0.0 0.0 0.0842659143755 0.0 0.0 0.815734085624
0.0 0.0 0.08697522451 0.0 0.0 0.81302477549
0.0 0.0 0.0896923962767 0.0 0.0 0.810307603723
0.0 0.0 0.0924144160756 0.0 0.0 0.807585583924
0.0 0.0 0.0951381640696 0.0 0.0 0.80486183593
0.0 0.0 0.0978604139837 0.0 0.0 0.802139586016
0.0 0.0 0.100577833388 0.0 0.0 0.799422166612
0.0 0.0 0.10328698452 0.0 0.0 0.79671301548
0.0 0.0 0.105984325711 0.0 0.0 0.794015674288
0.0 0.0 0.10866621347 0.0 0.0 0.791333786529
0.0 0.0 0.111328905292 0.0 0.0 0.788671094707
0.0 0.0 0.113968563253 0.0 0.0 0.786031436747
0.0 0.0 0.116581258448 0.0 0.0 0.783418741552
0.0 0.0 0.119162976346 0.0 0.0 0.780837023653
0.0 0.0 0.121709623098 0.0 0.0 0.778290376902
0.0 0.0 0.124217032864 0.0 0.0 0.775782967135
0.0 0.0 0.126680976212 0.0 0.0 0.773319023787
0.0 0.0 0.129097169607 0.0 0.0 0.770902830392
0.0 0.0 0.131461286044 0.0 0.0 0.768538713955
0.0 0.0 0.133768966829 0.0 0.0 0.76623103317
0.0 0.0 0.136015834521 0.0 0.0 0.763984165478
0.0 0.0 0.138197507027 0.0 0.0 0.761802492973
0.0 0.0 0.14030961282 0.0 0.0 0.75969038718
0.0 0.0 0.142347807248 0.0 0.0 0.757652192751
0.0 0.0 0.144307789858 0.0 0.0 0.755692210141
0.0 0.0 0.146185322657 0.0 0.0 0.753814677343
0.0 0.0 0.1479762492 0.0 0.0 0.752023750799
0.0 0.0 0.149676514386 0.0 0.0 0.750323485614
0.0 0.0 0.151282184785 0.0 0.0 0.748717815214
0.0 0.0 0.152789469348 0.0 0.0 0.747210530651
0.0 0.0 0.154194740278 0.0 0.0 0.745805259721
0.0 0.0 0.155494553868 0.0 0.0 0.744505446131
0.0 0.0 0.156685671054 0.0 0.0 0.743314328946
0.0 0.0 0.15776507745 0.0 0.0 0.74223492255
0.0 0.0 0.158730002611 0.0 0.0 0.741269997388
0.0 0.0 0.159577938259 0.0 0.0 0.740422061741
0.0 0.0 0.160306655221 0.0 0.0 0.739693344779
0.0 0.0 0.16091421884 0.0 0.0 0.73908578116
0.0 0.0 0.161399002614 0.0 0.0 0.738600997386
0.0 0.0 0.161759699859 0.0 0.0 0.73824030014
0.0 0.0 0.16199533321 0.0 0.0 0.738004666789
0.0 0.0 0.162105261798 0.0 0.0 0.737894738201
0.0 0.0 0.162089185997 0.0 0.0 0.737910814003
0.0 0.0 0.161947149648 0.0 0.0 0.738052850351
0.0 0.0 0.161679539739 0.0 0.0 0.738320460261
0.0 0.0 0.161287083522 0.0 0.0 0.738712916478
0.0 0.0 0.160770843145 0.0 0.0 0.739229156855
0.0 0.0 0.160132207865 0.0 0.0 0.739867792135
0.0 0.0 0.15937288398 0.0 0.0 0.74062711602
0.0 0.0 0.158494882644 0.0 0.0 0.741505117355
0.0 0.0 0.157500505756 0.0 0.0 0.742499494244
0.0 0.0 0.156392330133 0.0 0.0 0.743607669866
0.0 0.0 0.155173190226 0.0 0.0 0.744826809773
0.0 0.0 0.153846159597 0.0 0.0 0.746153840403
0.0 0.0 0.152414531439 0.0 0.0 0.74758546856
0.0 0.0 0.150881798389 0.0 0.0 0.749118201611
0.0 0.0 0.14925163187 0.0 0.0 0.750748368129
0.0 0.0 0.147527861232 0.0 0.0 0.752472138767
0.0 0.0 0.145714452898 0.0 0.0 0.754285547102
