0.0 0.0 0.0 0.0 0.0 0.96382
0.0 0.0 7.70627481018e-05 0.0 0.0 0.963742937252
0.0 0.0 0.000231167784366 0.0 0.0 0.963588832216
0.0 0.0 0.000462274137647 0.0 0.0 0.963357725862
0.0 0.0 0.000770320222911 0.0 0.0 0.963049679777
0.0 0.0 0.00115522368687 0.0 0.0 0.962664776313
0.0 0.0 0.00161688120152 0.0 0.0 0.962203118798
0.0 0.0 0.00215516820493 0.0 0.0 0.961664831795
0.0 0.0 0.00276993858874 0.0 0.0 0.961050061411
0.0 0.0 0.0034610243313 0.0 0.0 0.960358975669
0.0 0.0 0.0042282350756 0.0 0.0 0.959591764924
0.0 0.0 0.00507135765069 0.0 0.0 0.958748642349
0.0 0.0 0.00599015553529 0.0 0.0 0.957829844465
0.0 0.0 0.00698436826219 0.0 0.0 0.956835631738
0.0 0.0 0.00805371076146 0.0 0.0 0.955766289239
0.0 0.0 0.00919787264094 0.0 0.0 0.954622127359
0.0 0.0 0.0104165174017 0.0 0.0 0.953403482598
0.0 0.0 0.0117092815864 0.0 0.0 0.952110718414
0.0 0.0 0.0130757738577 0.0 0.0 0.950744226142
0.0 0.0 0.0145155740048 0.0 0.0 0.949304425995
0.0 0.0 0.0160282318741 0.0 0.0 0.947791768126
0.0 0.0 0.0176132662222 0.0 0.0 0.946206733778
0.0 0.0 0.0192701634864 0.0 0.0 0.944549836514
0.0 0.0 0.0209983764706 0.0 0.0 0.942821623529
0.0 0.0 0.0227973229417 0.0 0.0 0.941022677058
0.0 0.0 0.0246663841325 0.0 0.0 0.939153615868
0.0 0.0 0.0266049031474 0.0 0.0 0.937215096853
0.0 0.0 0.0286121832665 0.0 0.0 0.935207816733
0.0 0.0 0.0306874861415 0.0 0.0 0.933132513858
0.0 0.0 0.0328300298814 0.0 0.0 0.930989970119
0.0 0.0 0.0350389870198 0.0 0.0 0.92878101298
0.0 0.0 0.037313482361 0.0 0.0 0.926506517639
0.0 0.0 0.039652590698 0.0 0.0 0.924167409302
0.0 0.0 0.0420553343969 0.0 0.0 0.921764665603
0.0 0.0 0.0445206808433 0.0 0.0 0.919299319157
0.0 0.0 0.0470475397439 0.0 0.0 0.916772460256
0.0 0.0 0.0496347602791 0.0 0.0 0.914185239721
0.0 0.0 0.0522811281004 0.0 0.0 0.9115388719
0.0 0.0 0.0549853621689 0.0 0.0 0.908834637831
0.0 0.0 0.0577461114306 0.0 0.0 0.906073888569
0.0 0.0 0.0605619513241 0.0 0.0 0.903258048676
0.0 0.0 0.063431380119 0.0 0.0 0.900388619881
0.0 0.0 0.0663528150831 0.0 0.0 0.897467184917
0.0 0.0 0.0693245884779 0.0 0.0 0.894495411522
0.0 0.0 0.0723449433845 0.0 0.0 0.891475056615
0.0 0.0 0.0754120293624 0.0 0.0 0.888407970638
0.0 0.0 0.0785238979466 0.0 0.0 0.885296102053
0.0 0.0 0.0816784979922 0.0 0.0 0.882141502008
0.0 0.0 0.0848736708765 0.0 0.0 0.878946329123
0.0 0.0 0.0881071455737 0.0 0.0 0.875712854426
0.0 0.0 0.0913765336201 0.0 0.0 0.87244346638
0.0 0.0 0.0946793239934 0.0 0.0 0.869140676007
0.0 0.0 0.0980128779331 0.0 0.0 0.865807122067
0.0 0.0 0.101374423735 0.0 0.0 0.862445576265
0.0 0.0 0.104761051559 0.0 0.0 0.859058948441
0.0 0.0 0.108169708296 0.0 0.0 0.855650291703
0.0 0.0 0.111597192544 0.0 0.0 0.852222807456
0.0 0.0 0.115040149756 0.0 0.0 0.848779850244
0.0 0.0 0.118495067624 0.0 0.0 0.845324932376
0.0 0.0 0.12195827178 0.0 0.0 0.84186172822
0.0 0.0 0.12542592189 0.0 0.0 0.83839407811
0.0 0.0 0.128894008244 0.0 0.0 0.834925991756
0.0 0.0 0.132358348933 0.0 0.0 0.831461651067
0.0 0.0 0.135814587736 0.0 0.0 0.828005412264
0.0 0.0 0.139258192825 0.0 0.0 0.824561807175
0.0 0.0 0.142684456428 0.0 0.0 0.821135543572
0.0 0.0 0.14608849557 0.0 0.0 0.81773150443
0.0 0.0 0.149465254054 0.0 0.0 0.814354745946
0.0 0.0 0.152809505807 0.0 0.0 0.811010494193
0.0 0.0 0.156115859766 0.0 0.0 0.807704140234
0.0 0.0 0.15937876644 0.0 0.0 0.80444123356
0.0 0.0 0.162592526307 0.0 0.0 0.801227473693
0.0 0.0 0.165751300192 0.0 0.0 0.798068699808
0.0 0.0 0.168849121774 0.0 0.0 0.794970878226
0.0 0.0 0.171879912342 0.0 0.0 0.791940087657
0.0 0.0 0.174837497916 0.0 0.0 0.788982502084
0.0 0.0 0.177715628819 0.0 0.0 0.786104371181
0.0 0.0 0.180508001775 0.0 0.0 0.783311998224
0.0 0.0 0.183208284544 0.0 0.0 0.780611715456
0.0 0.0 0.185810143083 0.0 0.0 0.778009856917
0.0 0.0 0.18830727118 0.0 0.0 0.77551272882
0.0 0.0 0.19069342244 0.0 0.0 0.77312657756
0.0 0.0 0.192962444442 0.0 0.0 0.770857555557
0.0 0.0 0.195108314833 0.0 0.0 0.768711685167
0.0 0.0 0.197125179043 0.0 0.0 0.766694820957
0.0 0.0 0.199007389258 0.0 0.0 0.764812610742
0.0 0.0 0.200749544184 0.0 0.0 0.763070455816
0.0 0.0 0.202346529114 0.0 0.0 0.761473470886
0.0 0.0 0.203793555714 0.0 0.0 0.760026444286
0.0 0.0 0.205086200934 0.0 0.0 0.758733799066
0.0 0.0 0.206220444375 0.0 0.0 0.757599555625
0.0 0.0 0.207192703477 0.0 0.0 0.756627296523
0.0 0.0 0.20799986585 0.0 0.0 0.75582013415
0.0 0.0 0.208639318116 0.0 0.0 0.755180681884
0.0 0.0 0.209108970677 0.0 0.0 0.754711029323
0.0 0.0 0.209407277882 0.0 0.0 0.754412722118
0.0 0.0 0.209533253148 0.0 0.0 0.754286746852
0.0 0.0 0.209486478707 0.0 0.0 0.754333521293
0.0 0.0 0.209267109755 0.0 0.0 0.754552890245
0.0 0.0 0.208875872907 0.0 0.0 0.754944127093
0.0 0.0 0.208314059002 0.0 0.0 0.755505940998
0.0 0.0 0.207583510406 0.0 0.0 0.756236489593
0.0 0.0 0.206686603115 0.0 0.0 0.757133396884
0.0 0.0 0.205626224035 0.0 0.0 0.758193775965
0.0 0.0 0.204405743936 0.0 0.0 0.759414256064
0.0 0.0 0.203028986646 0.0 0.0 0.760791013353
0.0 0.0 0.201500195096 0.0 0.0 0.762319804904
0.0 0.0 0.199823994862 0.0 0.0 0.763996005138
0.0 0.0 0.198005355886 0.0 0.0 0.765814644113
0.0 0.0 0.196049553014 0.0 0.0 0.767770446986
0.0 0.0 0.193962125979 0.0 0.0 0.769857874021
0.0 0.0 0.191748839435 0.0 0.0 0.772071160565
0.0 0.0 0.189415643562 0.0 0.0 0.774404356437
0.0 0.0 0.186968635724 0.0 0.0 0.776851364276
0.0 0.0 0.184414023584 0.0 0.0 0.779405976416
0.0 0.0 0.181758090031 0.0 0.0 0.782061909969
0.0 0.0 0.179007160168 0.0 0.0 0.784812839831
0.0 0.0 0.176167570587 0.0 0.0 0.787652429413
0.0 0.0 0.173245641058 0.0 0.0 0.790574358942
0.0 0.0 0.170247648731 0.0 0.0 0.793572351269
0.0 0.0 0.16717980488 0.0 0.0 0.79664019512
0.0 0.0 0.164048234176 0.0 0.0 0.799771765823
0.0 0.0 0.160858956452 0.0 0.0 0.802961043548
0.0 0.0 0.157617870873 0.0 0.0 0.806202129127
0.0 0.0 0.154330742415 0.0 0.0 0.809489257585
0.0 0.0 0.151003190528 0.0 0.0 0.812816809472
0.0 0.0 0.147640679849 0.0 0.0 0.816179320151
0.0 0.0 0.144248512812 0.0 0.0 0.819571487187
0.0 0.0 0.140831824022 0.0 0.0 0.822988175978
0.0 0.0 0.137395576212 0.0 0.0 0.826424423788
0.0 0.0 0.13394455766 0.0 0.0 0.829875442339
0.0 0.0 0.130483380899 0.0 0.0 0.8333366191
0.0 0.0 0.127016482571 0.0 0.0 0.836803517428
0.0 0.0 0.123548124304 0.0 0.0 0.840271875696
0.0 0.0 0.120082394463 0.0 0.0 0.843737605537
0.0 0.0 0.116623210662 0.0 0.0 0.847196789337
0.0 0.0 0.113174322922 0.0 0.0 0.850645677078
0.0 0.0 0.109739317352 0.0 0.0 0.854080682647
0.0 0.0 0.10632162029 0.0 0.0 0.85749837971
0.0 0.0 0.102924502774 0.0 0.0 0.860895497225
0.0 0.0 0.0995510853034 0.0 0.0 0.864268914696
0.0 0.0 0.0962043427845 0.0 0.0 0.867615657215
0.0 0.0 0.0928871096248 0.0 0.0 0.870932890375
0.0 0.0 0.0896020849027 0.0 0.0 0.874217915097
0.0 0.0 0.0863518375722 0.0 0.0 0.877468162427
0.0 0.0 0.0831388116588 0.0 0.0 0.880681188341
0.0 0.0 0.0799653314113 0.0 0.0 0.883854668588
0.0 0.0 0.0768336063789 0.0 0.0 0.886986393621
0.0 0.0 0.0737457363889 0.0 0.0 0.890074263611
0.0 0.0 0.0707037164056 0.0 0.0 0.893116283594
0.0 0.0 0.0677094412524 0.0 0.0 0.896110558747
0.0 0.0 0.0647647101858 0.0 0.0 0.899055289814
0.0 0.0 0.0618712313115 0.0 0.0 0.901948768688
0.0 0.0 0.0590306258356 0.0 0.0 0.904789374164
0.0 0.0 0.0562444321477 0.0 0.0 0.907575567852
0.0 0.0 0.0535141097317 0.0 0.0 0.910305890268
0.0 0.0 0.0508410429064 0.0 0.0 0.912978957093
0.0 0.0 0.0482265443948 0.0 0.0 0.915593455605
0.0 0.0 0.0456718587255 0.0 0.0 0.918148141274
0.0 0.0 0.0431781654684 0.0 0.0 0.920641834531
0.0 0.0 0.0407465823099 0.0 0.0 0.92307341769
0.0 0.0 0.0383781679703 0.0 0.0 0.925441832029
0.0 0.0 0.0360739249703 0.0 0.0 0.927746075029
0.0 0.0 0.0338348022505 0.0 0.0 0.929985197749
0.0 0.0 0.0316616976492 0.0 0.0 0.93215830235
0.0 0.0 0.0295554602448 0.0 0.0 0.934264539755
0.0 0.0 0.0275168925686 0.0 0.0 0.936303107431
0.0 0.0 0.0255467526917 0.0 0.0 0.938273247308
0.0 0.0 0.0236457561929 0.0 0.0 0.940174243806
0.0 0.0 0.0218145780135 0.0 0.0 0.942005421986
0.0 0.0 0.020053854201 0.0 0.0 0.943766145798
0.0 0.0 0.0183641835505 0.0 0.0 0.945455816449
0.0 0.0 0.0167461291454 0.0 0.0 0.947073870854
0.0 0.0 0.0152002198033 0.0 0.0 0.948619780196
0.0 0.0 0.0137269514305 0.0 0.0 0.950093048569
0.0 0.0 0.0123267882903 0.0 0.0 0.951493211709
0.0 0.0 0.011000164187 0.0 0.0 0.952819835812
0.0 0.0 0.00974748357075 0.0 0.0 0.954072516429
0.0 0.0 0.00856912256514 0.0 0.0 0.955250877434
0.0 0.0 0.0074654299216 0.0 0.0 0.956354570078
0.0 0.0 0.00643672790273 0.0 0.0 0.957383272097
0.0 0.0 0.00548331309729 0.0 0.0 0.958336686902
0.0 0.0 0.00460545716936 0.0 0.0 0.95921454283
0.0 0.0 0.00380340754354 0.0 0.0 0.960016592456
0.0 0.0 0.00307738802846 0.0 0.0 0.960742611971
0.0 0.0 0.00242759938009 0.0 0.0 0.961392400619
0.0 0.0 0.00185421980667 0.0 0.0 0.961965780193
0.0 0.0 0.00135740541653 0.0 0.0 0.962462594583
0.0 0.0 0.000937290610119 0.0 0.0 0.962882709389
0.0 0.0 0.000593988417352 0.0 0.0 0.963226011582
0.0 0.0 0.000327590781131 0.0 0.0 0.963492409218
0.0 0.0 0.000138168787927 0.0 0.0 0.963681831211
0.0 0.0 2.57728459727e-05 0.0 0.0 0.963794227153
0.0 0.0 -9.56718839442e-06 0.0 0.0 0.963829567188
0.0 0.0 3.21580640832e-05 0.0 0.0 0.963787841935
0.0 0.0 0.000150937529085 0.0 0.0 0.96366906247
0.0 0.0 0.000346739650964 0.0 0.0 0.963473260348
0.0 0.0 0.00061951231367 0.0 0.0 0.963200487685
0.0 0.0 0.000969182710127 0.0 0.0 0.962850817289
0.0 0.0 0.00139565715972 0.0 0.0 0.962424342839
0.0 0.0 0.00189882087335 0.0 0.0 0.961921179126
0.0 0.0 0.00247853766549 0.0 0.0 0.961341462334
0.0 0.0 0.00313464961235 0.0 0.0 0.960685350387
0.0 0.0 0.00386697665525 0.0 0.0 0.959953023344
0.0 0.0 0.00467531614813 0.0 0.0 0.959144683851
0.0 0.0 0.00555944234785 0.0 0.0 0.958260557651
0.0 0.0 0.00651910584592 0.0 0.0 0.957300894153
0.0 0.0 0.00755403294001 0.0 0.0 0.956265967059
0.0 0.0 0.00866392494345 0.0 0.0 0.955156075056
0.0 0.0 0.00984845743076 0.0 0.0 0.953971542568
0.0 0.0 0.0111072794171 0.0 0.0 0.952712720582
0.0 0.0 0.012440012469 0.0 0.0 0.95137998753
0.0 0.0 0.0138462497443 0.0 0.0 0.949973750255
0.0 0.0 0.015325554958 0.0 0.0 0.948494445041
0.0 0.0 0.0168774612712 0.0 0.0 0.946942538728
0.0 0.0 0.0185014700997 0.0 0.0 0.945318529899
0.0 0.0 0.0201970498398 0.0 0.0 0.943622950159
0.0 0.0 0.0219636345052 0.0 0.0 0.941856365494
0.0 0.0 0.0238006222741 0.0 0.0 0.940019377725
0.0 0.0 0.0257073739401 0.0 0.0 0.938112626059
0.0 0.0 0.0276832112628 0.0 0.0 0.936136788736
0.0 0.0 0.0297274152143 0.0 0.0 0.934092584785
0.0 0.0 0.0318392241162 0.0 0.0 0.931980775883
0.0 0.0 0.0340178316615 0.0 0.0 0.929802168337
0.0 0.0 0.0362623848175 0.0 0.0 0.927557615181
0.0 0.0 0.0385719816024 0.0 0.0 0.925248018396
0.0 0.0 0.0409456687325 0.0 0.0 0.922874331266
0.0 0.0 0.043382439132 0.0 0.0 0.920437560867
0.0 0.0 0.0458812293019 0.0 0.0 0.917938770697
0.0 0.0 0.0484409165415 0.0 0.0 0.915379083457
0.0 0.0 0.0510603160175 0.0 0.0 0.912759683981
0.0 0.0 0.0537381776764 0.0 0.0 0.910081822322
0.0 0.0 0.0564731829943 0.0 0.0 0.907346817005
0.0 0.0 0.0592639415625 0.0 0.0 0.904556058436
0.0 0.0 0.0621089875037 0.0 0.0 0.901711012495
0.0 0.0 0.0650067757175 0.0 0.0 0.898813224281
0.0 0.0 0.067955677955 0.0 0.0 0.895864322044
0.0 0.0 0.0709539787218 0.0 0.0 0.892866021277
0.0 0.0 0.0739998710131 0.0 0.0 0.889820128986
0.0 0.0 0.0770914518842 0.0 0.0 0.886728548115
0.0 0.0 0.0802267178635 0.0 0.0 0.883593282135
0.0 0.0 0.0834035602189 0.0 0.0 0.88041643978
0.0 0.0 0.0866197600882 0.0 0.0 0.87720023991
0.0 0.0 0.0898729834926 0.0 0.0 0.873947016506
0.0 0.0 0.0931607762519 0.0 0.0 0.870659223747
0.0 0.0 0.0964805588282 0.0 0.0 0.867339441171
0.0 0.0 0.0998296211278 0.0 0.0 0.863990378871
0.0 0.0 0.103205117298 0.0 0.0 0.860614882701
0.0 0.0 0.10660406056 0.0 0.0 0.857215939439
0.0 0.0 0.110023318129 0.0 0.0 0.853796681869
0.0 0.0 0.113459606275 0.0 0.0 0.850360393724
0.0 0.0 0.116909485589 0.0 0.0 0.846910514409
0.0 0.0 0.120369356531 0.0 0.0 0.843450643467
0.0 0.0 0.12383545533 0.0 0.0 0.839984544669
0.0 0.0 0.127303850333 0.0 0.0 0.836516149665
0.0 0.0 0.130770438907 0.0 0.0 0.833049561092
0.0 0.0 0.134230944977 0.0 0.0 0.829589055022
0.0 0.0 0.137680917347 0.0 0.0 0.826139082652
0.0 0.0 0.141115728903 0.0 0.0 0.822704271095
0.0 0.0 0.144530576848 0.0 0.0 0.819289423151
0.0 0.0 0.147920484088 0.0 0.0 0.815899515911
0.0 0.0 0.15128030194 0.0 0.0 0.812539698058
0.0 0.0 0.154604714293 0.0 0.0 0.809215285706
0.0 0.0 0.157888243377 0.0 0.0 0.805931756621
0.0 0.0 0.161125257305 0.0 0.0 0.802694742694
0.0 0.0 0.164309979521 0.0 0.0 0.799510020478
0.0 0.0 0.167436500318 0.0 0.0 0.796383499681
0.0 0.0 0.170498790542 0.0 0.0 0.793321209456
0.0 0.0 0.173490717621 0.0 0.0 0.790329282377
0.0 0.0 0.176406064001 0.0 0.0 0.787413935997
0.0 0.0 0.179238548082 0.0 0.0 0.784581451917
0.0 0.0 0.181981847683 0.0 0.0 0.781838152316
0.0 0.0 0.184629626056 0.0 0.0 0.779190373943
0.0 0.0 0.187175560395 0.0 0.0 0.776644439603
0.0 0.0 0.189613372763 0.0 0.0 0.774206627236
0.0 0.0 0.191936863272 0.0 0.0 0.771883136726
0.0 0.0 0.194139945332 0.0 0.0 0.769680054666
0.0 0.0 0.196216682661 0.0 0.0 0.767603317338
0.0 0.0 0.198161327732 0.0 0.0 0.765658672266
0.0 0.0 0.199968361237 0.0 0.0 0.763851638762
0.0 0.0 0.201632532077 0.0 0.0 0.762187467922
0.0 0.0 0.203148897355 0.0 0.0 0.760671102643
0.0 0.0 0.204512861765 0.0 0.0 0.759307138233
0.0 0.0 0.205720215748 0.0 0.0 0.75809978425
0.0 0.0 0.206767171764 0.0 0.0 0.757052828235
0.0 0.0 0.207650398008 0.0 0.0 0.75616960199
0.0 0.0 0.208367048937 0.0 0.0 0.755452951062
0.0 0.0 0.208914791969 0.0 0.0 0.754905208029
0.0 0.0 0.209291829825 0.0 0.0 0.754528170173
0.0 0.0 0.209496918007 0.0 0.0 0.754323081991
0.0 0.0 0.209529377049 0.0 0.0 0.75429062295
0.0 0.0 0.209389099248 0.0 0.0 0.754430900751
0.0 0.0 0.209076549737 0.0 0.0 0.754743450261
0.0 0.0 0.208592761869 0.0 0.0 0.755227238129
0.0 0.0 0.20793932701 0.0 0.0 0.755880672989
0.0 0.0 0.207118378988 0.0 0.0 0.756701621011
0.0 0.0 0.206132573528 0.0 0.0 0.757687426471
0.0 0.0 0.204985063125 0.0 0.0 0.758834936873
0.0 0.0 0.20367946789 0.0 0.0 0.760140532108
0.0 0.0 0.202219842953 0.0 0.0 0.761600157045
0.0 0.0 0.200610643078 0.0 0.0 0.76320935692
0.0 0.0 0.198856685134 0.0 0.0 0.764963314865
0.0 0.0 0.196963109093 0.0 0.0 0.766856890905
0.0 0.0 0.194935338197 0.0 0.0 0.768884661801
0.0 0.0 0.192779038895 0.0 0.0 0.771040961103
0.0 0.0 0.190500081124 0.0 0.0 0.773319918875
0.0 0.0 0.188104499427 0.0 0.0 0.775715500571
0.0 0.0 0.185598455359 0.0 0.0 0.778221544639
0.0 0.0 0.182988201542 0.0 0.0 0.780831798457
0.0 0.0 0.180280047675 0.0 0.0 0.783539952324
0.0 0.0 0.177480328744 0.0 0.0 0.786339671254
0.0 0.0 0.17459537559 0.0 0.0 0.789224624408
0.0 0.0 0.171631487948 0.0 0.0 0.79218851205
0.0 0.0 0.168594910027 0.0 0.0 0.795225089972
0.0 0.0 0.165491808622 0.0 0.0 0.798328191377
0.0 0.0 0.162328253751 0.0 0.0 0.801491746247
0.0 0.0 0.159110201729 0.0 0.0 0.804709798269
0.0 0.0 0.155843480603 0.0 0.0 0.807976519395
0.0 0.0 0.152533777833 0.0 0.0 0.811286222166
0.0 0.0 0.149186630074 0.0 0.0 0.814633369924
0.0 0.0 0.145807414945 0.0 0.0 0.818012585053
0.0 0.0 0.142401344607 0.0 0.0 0.821418655392
0.0 0.0 0.138973461011 0.0 0.0 0.824846538987
0.0 0.0 0.135528632673 0.0 0.0 0.828291367325
0.0 0.0 0.1320715528 0.0 0.0 0.831748447198
0.0 0.0 0.128606738643 0.0 0.0 0.835213261355
0.0 0.0 0.125138531918 0.0 0.0 0.83868146808
0.0 0.0 0.121671100175 0.0 0.0 0.842148899823
0.0 0.0 0.118208438976 0.0 0.0 0.845611561022
0.0 0.0 0.114754374765 0.0 0.0 0.849065625233
0.0 0.0 0.11131256833 0.0 0.0 0.852507431669
0.0 0.0 0.107886518736 0.0 0.0 0.855933481262
0.0 0.0 0.104479567664 0.0 0.0 0.859340432334
0.0 0.0 0.101094904041 0.0 0.0 0.862725095957
0.0 0.0 0.0977355689139 0.0 0.0 0.866084431084
0.0 0.0 0.0944044604797 0.0 0.0 0.869415539518
0.0 0.0 0.0911043392303 0.0 0.0 0.872715660768
0.0 0.0 0.0878378331444 0.0 0.0 0.875982166854
0.0 0.0 0.0846074428935 0.0 0.0 0.879212557105
0.0 0.0 0.081415547017 0.0 0.0 0.882404452981
0.0 0.0 0.0782644070377 0.0 0.0 0.885555592961
0.0 0.0 0.0751561724874 0.0 0.0 0.888663827511
0.0 0.0 0.0720928858229 0.0 0.0 0.891727114175
0.0 0.0 0.0690764872124 0.0 0.0 0.894743512786
0.0 0.0 0.0661088191786 0.0 0.0 0.89771118082
0.0 0.0 0.0631916310886 0.0 0.0 0.90062836891
0.0 0.0 0.0603265834813 0.0 0.0 0.903493416517
0.0 0.0 0.0575152522274 0.0 0.0 0.906304747771
0.0 0.0 0.0547591325202 0.0 0.0 0.909060867478
0.0 0.0 0.0520596426938 0.0 0.0 0.911760357304
0.0 0.0 0.0494181278705 0.0 0.0 0.914401872128
0.0 0.0 0.0468358634395 0.0 0.0 0.916984136559
0.0 0.0 0.0443140583675 0.0 0.0 0.919505941631
0.0 0.0 0.0418538583473 0.0 0.0 0.921966141651
0.0 0.0 0.039456348787 0.0 0.0 0.924363651211
0.0 0.0 0.0371225576449 0.0 0.0 0.926697442353
0.0 0.0 0.034853458116 0.0 0.0 0.928966541882
0.0 0.0 0.0326499711736 0.0 0.0 0.931170028825
0.0 0.0 0.0305129679738 0.0 0.0 0.933307032024
0.0 0.0 0.0284432721266 0.0 0.0 0.935376727872
0.0 0.0 0.0264416618397 0.0 0.0 0.937378338158
0.0 0.0 0.0245088719409 0.0 0.0 0.939311128057
0.0 0.0 0.0226455957836 0.0 0.0 0.941174404215
0.0 0.0 0.020852487041 0.0 0.0 0.942967512957
0.0 0.0 0.019130161394 0.0 0.0 0.944689838604
0.0 0.0 0.0174791981171 0.0 0.0 0.946340801881
0.0 0.0 0.0159001415678 0.0 0.0 0.94791985843
0.0 0.0 0.0143935025819 0.0 0.0 0.949426497416
0.0 0.0 0.0129597597814 0.0 0.0 0.950860240217
0.0 0.0 0.0115993607964 0.0 0.0 0.952220639202
0.0 0.0 0.0103127234058 0.0 0.0 0.953507276592
0.0 0.0 0.00910023660011 0.0 0.0 0.954719763398
0.0 0.0 0.00796226156902 0.0 0.0 0.955857738429
0.0 0.0 0.00689913261689 0.0 0.0 0.956920867381
0.0 0.0 0.00591115800886 0.0 0.0 0.957908841989
0.0 0.0 0.0049986207499 0.0 0.0 0.958821379248
0.0 0.0 0.00416177929906 0.0 0.0 0.959658220699
0.0 0.0 0.00340086822107 0.0 0.0 0.960419131777
0.0 0.0 0.00271609877702 0.0 0.0 0.961103901221
0.0 0.0 0.00210765945589 0.0 0.0 0.961712340542
0.0 0.0 0.00157571644841 0.0 0.0 0.96224428355
0.0 0.0 0.00112041406448 0.0 0.0 0.962699585933
0.0 0.0 0.000741875095525 0.0 0.0 0.963078124902
0.0 0.0 0.000440201122542 0.0 0.0 0.963379798875
0.0 0.0 0.000215472770908 0.0 0.0 0.963604527227
0.0 0.0 6.77499125044e-05 0.0 0.0 0.963752250085
0.0 0.0 -2.92818420154e-06 0.0 0.0 0.963822928182
0.0 0.0 3.45724424592e-06 0.0 0.0 0.963816542754
0.0 0.0 8.69045033114e-05 0.0 0.0 0.963733095495
0.0 0.0 0.000247391436221 0.0 0.0 0.963572608562
0.0 0.0 0.000484875368441 0.0 0.0 0.963335124629
0.0 0.0 0.000799293000733 0.0 0.0 0.963020706997
0.0 0.0 0.00119056025048 0.0 0.0 0.962629439747
0.0 0.0 0.00165857204088 0.0 0.0 0.962161427957
0.0 0.0 0.00220320203736 0.0 0.0 0.961616797961
0.0 0.0 0.00282430233059 0.0 0.0 0.960995697667
0.0 0.0 0.0035217030651 0.0 0.0 0.960298296933
0.0 0.0 0.00429521201256 0.0 0.0 0.959524787985
0.0 0.0 0.00514461408846 0.0 0.0 0.958675385909
0.0 0.0 0.00606967081093 0.0 0.0 0.957750329187
0.0 0.0 0.00707011970005 0.0 0.0 0.956749880298
0.0 0.0 0.00814567361599 0.0 0.0 0.955674326382
0.0 0.0 0.00929602003421 0.0 0.0 0.954523979964
0.0 0.0 0.0105208202554 0.0 0.0 0.953299179742
0.0 0.0 0.0118197085481 0.0 0.0 0.95200029145
0.0 0.0 0.0131922912216 0.0 0.0 0.950627708776
0.0 0.0 0.0146381456255 0.0 0.0 0.949181854372
0.0 0.0 0.0161568190751 0.0 0.0 0.947663180923
0.0 0.0 0.0177478276969 0.0 0.0 0.946072172301
0.0 0.0 0.0194106551927 0.0 0.0 0.944409344805
0.0 0.0 0.0211447515179 0.0 0.0 0.94267524848
0.0 0.0 0.0229495314704 0.0 0.0 0.940870468527
0.0 0.0 0.0248243731859 0.0 0.0 0.938995626812
0.0 0.0 0.0267686165349 0.0 0.0 0.937051383463
0.0 0.0 0.0287815614183 0.0 0.0 0.935038438579
0.0 0.0 0.0308624659545 0.0 0.0 0.932957534043
0.0 0.0 0.0330105445549 0.0 0.0 0.930809455443
0.0 0.0 0.0352249658822 0.0 0.0 0.928595034115
0.0 0.0 0.0375048506854 0.0 0.0 0.926315149312
0.0 0.0 0.0398492695071 0.0 0.0 0.923970730491
0.0 0.0 0.042257240257 0.0 0.0 0.921562759741
0.0 0.0 0.0447277256462 0.0 0.0 0.919092274351
0.0 0.0 0.0472596304766 0.0 0.0 0.916560369521
0.0 0.0 0.049851798781 0.0 0.0 0.913968201217
0.0 0.0 0.0525030108076 0.0 0.0 0.91131698919
0.0 0.0 0.0552119798449 0.0 0.0 0.908608020153
0.0 0.0 0.0579773488834 0.0 0.0 0.905842651114
0.0 0.0 0.060797687109 0.0 0.0 0.903022312889
0.0 0.0 0.063671486228 0.0 0.0 0.90014851377
0.0 0.0 0.0665971566191 0.0 0.0 0.897222843378
0.0 0.0 0.0695730233158 0.0 0.0 0.894246976682
0.0 0.0 0.0725973218176 0.0 0.0 0.89122267818
0.0 0.0 0.0756681937349 0.0 0.0 0.888151806263
0.0 0.0 0.0787836822742 0.0 0.0 0.885036317723
0.0 0.0 0.0819417275695 0.0 0.0 0.881878272428
0.0 0.0 0.0851401618735 0.0 0.0 0.878679838124
0.0 0.0 0.0883767046226 0.0 0.0 0.875443295375
0.0 0.0 0.0916489573938 0.0 0.0 0.872171042604
0.0 0.0 0.0949543987783 0.0 0.0 0.868865601219
0.0 0.0 0.0982903791984 0.0 0.0 0.865529620799
0.0 0.0 0.101654115701 0.0 0.0 0.862165884297
0.0 0.0 0.105042686769 0.0 0.0 0.858777313228
0.0 0.0 0.108453027196 0.0 0.0 0.855366972801
0.0 0.0 0.111881923071 0.0 0.0 0.851938076926
0.0 0.0 0.115326006948 0.0 0.0 0.848493993049
0.0 0.0 0.118781753251 0.0 0.0 0.845038246747
0.0 0.0 0.122245474001 0.0 0.0 0.841574525997
0.0 0.0 0.125713314953 0.0 0.0 0.838106685044
0.0 0.0 0.129181252228 0.0 0.0 0.83463874777
0.0 0.0 0.132645089543 0.0 0.0 0.831174910455
0.0 0.0 0.136100456163 0.0 0.0 0.827719543834
0.0 0.0 0.139542805684 0.0 0.0 0.824277194313
0.0 0.0 0.14296741577 0.0 0.0 0.820852584227
0.0 0.0 0.146369389003 0.0 0.0 0.817450610995
0.0 0.0 0.14974365496 0.0 0.0 0.814076345037
0.0 0.0 0.153084973693 0.0 0.0 0.810735026305
0.0 0.0 0.156387940738 0.0 0.0 0.80743205926
0.0 0.0 0.159646993827 0.0 0.0 0.804173006171
0.0 0.0 0.162856421443 0.0 0.0 0.800963578554
0.0 0.0 0.166010373374 0.0 0.0 0.797809626623
0.0 0.0 0.169102873393 0.0 0.0 0.794717126604
0.0 0.0 0.172127834211 0.0 0.0 0.791692165786
0.0 0.0 0.175079074798 0.0 0.0 0.7887409252
0.0 0.0 0.177950340162 0.0 0.0 0.785869659835
0.0 0.0 0.180735323658 0.0 0.0 0.783084676339
0.0 0.0 0.183427691828 0.0 0.0 0.78039230817
0.0 0.0 0.186021111775 0.0 0.0 0.777798888222
0.0 0.0 0.188509280999 0.0 0.0 0.775310718998
0.0 0.0 0.190885959565 0.0 0.0 0.772934040432
0.0 0.0 0.193145004432 0.0 0.0 0.770674995565
0.0 0.0 0.195280405697 0.0 0.0 0.768539594301
0.0 0.0 0.197286324425 0.0 0.0 0.766533675572
0.0 0.0 0.19915713171 0.0 0.0 0.764662868287
0.0 0.0 0.200887448482 0.0 0.0 0.762932551515
0.0 0.0 0.202472185571 0.0 0.0 0.761347814426
0.0 0.0 0.203906583449 0.0 0.0 0.759913416548
0.0 0.0 0.205186251032 0.0 0.0 0.758633748965
0.0 0.0 0.206307202898 0.0 0.0 0.757512797099
0.0 0.0 0.20726589426 0.0 0.0 0.756554105738
0.0 0.0 0.208059253028 0.0 0.0 0.755760746969
0.0 0.0 0.208684708343 0.0 0.0 0.755135291655
0.0 0.0 0.209140214976 0.0 0.0 0.754679785021
0.0 0.0 0.209424273097 0.0 0.0 0.7543957269
0.0 0.0 0.209535942958 0.0 0.0 0.754284057039
0.0 0.0 0.209474854184 0.0 0.0 0.754345145813
0.0 0.0 0.209241209454 0.0 0.0 0.754578790543
0.0 0.0 0.208835782484 0.0 0.0 0.754984217513
0.0 0.0 0.208259910365 0.0 0.0 0.755560089633
0.0 0.0 0.207515480427 0.0 0.0 0.75630451957
0.0 0.0 0.206604911925 0.0 0.0 0.757215088073
0.0 0.0 0.205531132937 0.0 0.0 0.75828886706
0.0 0.0 0.204297552993 0.0 0.0 0.759522447004
0.0 0.0 0.202908031974 0.0 0.0 0.760911968023
0.0 0.0 0.201366845928 0.0 0.0 0.762453154069
0.0 0.0 0.199678650442 0.0 0.0 0.764141349555
0.0 0.0 0.197848442231 0.0 0.0 0.765971557766
0.0 0.0 0.195881519612 0.0 0.0 0.767938480385
0.0 0.0 0.193783442468 0.0 0.0 0.770036557529
0.0 0.0 0.191559992312 0.0 0.0 0.772260007685
0.0 0.0 0.189217132956 0.0 0.0 0.774602867041
0.0 0.0 0.186760972283 0.0 0.0 0.777059027714
0.0 0.0 0.184197725495 0.0 0.0 0.779622274502
0.0 0.0 0.181533680203 0.0 0.0 0.782286319794
0.0 0.0 0.178775163597 0.0 0.0 0.7850448364
0.0 0.0 0.175928511916 0.0 0.0 0.787891488081
0.0 0.0 0.173000042344 0.0 0.0 0.790819957653
0.0 0.0 0.169996027423 0.0 0.0 0.793823972574
0.0 0.0 0.166922672003 0.0 0.0 0.796897327994
0.0 0.0 0.163786092729 0.0 0.0 0.800033907268
0.0 0.0 0.160592300003 0.0 0.0 0.803227699994
0.0 0.0 0.157347182356 0.0 0.0 0.806472817641
0.0 0.0 0.154056493108 0.0 0.0 0.809763506889
0.0 0.0 0.150725839207 0.0 0.0 0.81309416079
0.0 0.0 0.147360672107 0.0 0.0 0.81645932789
0.0 0.0 0.143966280527 0.0 0.0 0.81985371947
0.0 0.0 0.140547784961 0.0 0.0 0.823272215035
0.0 0.0 0.137110133771 0.0 0.0 0.826709866226
0.0 0.0 0.133658100705 0.0 0.0 0.830161899292
0.0 0.0 0.13019628371 0.0 0.0 0.833623716287
0.0 0.0 0.126729104883 0.0 0.0 0.837090895114
0.0 0.0 0.123260811418 0.0 0.0 0.840559188579
0.0 0.0 0.119795477427 0.0 0.0 0.84402452257
0.0 0.0 0.116337006512 0.0 0.0 0.847482993485
0.0 0.0 0.112889134961 0.0 0.0 0.850930865035
0.0 0.0 0.109455435488 0.0 0.0 0.854364564509
0.0 0.0 0.106039321386 0.0 0.0 0.857780678611
0.0 0.0 0.102644051037 0.0 0.0 0.86117594896
0.0 0.0 0.0992727326858 0.0 0.0 0.864547267311
0.0 0.0 0.0959283294035 0.0 0.0 0.867891670593
0.0 0.0 0.0926136641872 0.0 0.0 0.87120633581
0.0 0.0 0.0893314251357 0.0 0.0 0.874488574861
0.0 0.0 0.0860841706548 0.0 0.0 0.877735829342
0.0 0.0 0.082874334651 0.0 0.0 0.880945665346
0.0 0.0 0.0797042316776 0.0 0.0 0.884115768319
0.0 0.0 0.076576062005 0.0 0.0 0.887243937992
0.0 0.0 0.0734919165892 0.0 0.0 0.890328083408
0.0 0.0 0.0704537819198 0.0 0.0 0.893366218077
0.0 0.0 0.0674635447299 0.0 0.0 0.896356455267
0.0 0.0 0.0645229965582 0.0 0.0 0.899297003439
0.0 0.0 0.0616338381509 0.0 0.0 0.902186161846
0.0 0.0 0.0587976836996 0.0 0.0 0.905022316297
0.0 0.0 0.0560160649094 0.0 0.0 0.907803935087
0.0 0.0 0.0532904348969 0.0 0.0 0.9105295651
0.0 0.0 0.0506221719153 0.0 0.0 0.913197828081
0.0 0.0 0.0480125829103 0.0 0.0 0.915807417086
0.0 0.0 0.0454629069075 0.0 0.0 0.918357093089
0.0 0.0 0.0429743182348 0.0 0.0 0.920845681762
0.0 0.0 0.0405479295839 0.0 0.0 0.923272070413
0.0 0.0 0.0381847949158 0.0 0.0 0.925635205081
0.0 0.0 0.0358859122142 0.0 0.0 0.927934087783
0.0 0.0 0.0336522260931 0.0 0.0 0.930167773904
0.0 0.0 0.0314846302635 0.0 0.0 0.932335369733
0.0 0.0 0.0293839698651 0.0 0.0 0.934436030132
0.0 0.0 0.0273510436674 0.0 0.0 0.936468956329
0.0 0.0 0.0253866061476 0.0 0.0 0.938433393849
0.0 0.0 0.0234913694488 0.0 0.0 0.940328630548
0.0 0.0 0.0216660052245 0.0 0.0 0.942153994772
0.0 0.0 0.0199111463748 0.0 0.0 0.943908853622
0.0 0.0 0.0182273886788 0.0 0.0 0.945592611318
0.0 0.0 0.0166152923269 0.0 0.0 0.94720470767
0.0 0.0 0.0150753833595 0.0 0.0 0.948744616637
0.0 0.0 0.0136081550142 0.0 0.0 0.950211844982
0.0 0.0 0.0122140689866 0.0 0.0 0.95160593101
0.0 0.0 0.0108935566081 0.0 0.0 0.952926443389
0.0 0.0 0.00964701994352 0.0 0.0 0.954172980053
0.0 0.0 0.00847483281338 0.0 0.0 0.955345167183
0.0 0.0 0.00737734174169 0.0 0.0 0.956442658255
0.0 0.0 0.00635486683375 0.0 0.0 0.957465133163
0.0 0.0 0.0054077025856 0.0 0.0 0.958412297411
0.0 0.0 0.00453611862772 0.0 0.0 0.959283881369
0.0 0.0 0.00374036040515 0.0 0.0 0.960079639591
0.0 0.0 0.00302064979584 0.0 0.0 0.960799350201
0.0 0.0 0.00237718566915 0.0 0.0 0.961442814327
0.0 0.0 0.00181014438595 0.0 0.0 0.962009855611
0.0 0.0 0.00131968024181 0.0 0.0 0.962500319755
0.0 0.0 0.000905925854406 0.0 0.0 0.962914074142
0.0 0.0 0.000568992496414 0.0 0.0 0.9632510075
0.0 0.0 0.000308970374611 0.0 0.0 0.963511029622
0.0 0.0 0.000125928856083 0.0 0.0 0.96369407114
0.0 0.0 1.99166421149e-05 0.0 0.0 0.963800083354
0.0 0.0 -9.03810975362e-06 0.0 0.0 0.963829038106
0.0 0.0 3.90722848336e-05 0.0 0.0 0.963780927712
0.0 0.0 0.000164235056303 0.0 0.0 0.96365576494
0.0 0.0 0.000366416949155 0.0 0.0 0.963453583047
0.0 0.0 0.000645564138624 0.0 0.0 0.963174435858
0.0 0.0 0.00100160209578 0.0 0.0 0.962818397901
0.0 0.0 0.00143443540067 0.0 0.0 0.962385564596
0.0 0.0 0.00194394750306 0.0 0.0 0.961876052493
0.0 0.0 0.00253000042999 0.0 0.0 0.961289999566
0.0 0.0 0.00319243443946 0.0 0.0 0.960627565557
0.0 0.0 0.00393106761927 0.0 0.0 0.959888932377
0.0 0.0 0.00474569542977 0.0 0.0 0.959074304567
0.0 0.0 0.0056360901894 0.0 0.0 0.958183909807
0.0 0.0 0.00660200050149 0.0 0.0 0.957217999495
0.0 0.0 0.00764315062069 0.0 0.0 0.956176849376
0.0 0.0 0.00875923975726 0.0 0.0 0.955060760239
0.0 0.0 0.00994994131721 0.0 0.0 0.953870058679
0.0 0.0 0.0112149020761 0.0 0.0 0.95260509792
0.0 0.0 0.0125537412842 0.0 0.0 0.951266258712
0.0 0.0 0.0139660497001 0.0 0.0 0.949853950296
0.0 0.0 0.0154513885504 0.0 0.0 0.948368611446
0.0 0.0 0.0170092884124 0.0 0.0 0.946810711584
0.0 0.0 0.0186392480157 0.0 0.0 0.945180751981
0.0 0.0 0.0203407329606 0.0 0.0 0.943479267036
0.0 0.0 0.0221131743481 0.0 0.0 0.941706825648
0.0 0.0 0.0239559673192 0.0 0.0 0.939864032677
0.0 0.0 0.0258684694973 0.0 0.0 0.937951530499
0.0 0.0 0.0278499993304 0.0 0.0 0.935970000666
0.0 0.0 0.0298998343293 0.0 0.0 0.933920165667
0.0 0.0 0.0320172091944 0.0 0.0 0.931802790802
0.0 0.0 0.0342013138287 0.0 0.0 0.929618686168
0.0 0.0 0.0364512912299 0.0 0.0 0.927368708766
0.0 0.0 0.0387662352568 0.0 0.0 0.925053764739
0.0 0.0 0.0411451882652 0.0 0.0 0.922674811731
0.0 0.0 0.0435871386061 0.0 0.0 0.92023286139
0.0 0.0 0.0460910179829 0.0 0.0 0.917728982013
0.0 0.0 0.0486556986604 0.0 0.0 0.915164301336
0.0 0.0 0.0512799905209 0.0 0.0 0.912540009475
0.0 0.0 0.0539626379632 0.0 0.0 0.909857362033
0.0 0.0 0.0567023166397 0.0 0.0 0.907117683357
0.0 0.0 0.0594976300268 0.0 0.0 0.904322369969
0.0 0.0 0.0623471058282 0.0 0.0 0.901472894168
0.0 0.0 0.0652491922055 0.0 0.0 0.898570807791
0.0 0.0 0.0682022538391 0.0 0.0 0.895617746157
0.0 0.0 0.0712045678166 0.0 0.0 0.89261543218
0.0 0.0 0.0742543193545 0.0 0.0 0.889565680642
0.0 0.0 0.0773495973551 0.0 0.0 0.886470402641
0.0 0.0 0.0804883898072 0.0 0.0 0.883331610189
0.0 0.0 0.0836685790404 0.0 0.0 0.880151420956
0.0 0.0 0.0868879368454 0.0 0.0 0.876932063151
0.0 0.0 0.0901441194782 0.0 0.0 0.873675880518
0.0 0.0 0.0934346625686 0.0 0.0 0.870385337427
0.0 0.0 0.0967569759591 0.0 0.0 0.867063024037
0.0 0.0 0.100108338505 0.0 0.0 0.863711661491
0.0 0.0 0.103485892873 0.0 0.0 0.860334107123
0.0 0.0 0.106886640377 0.0 0.0 0.856933359619
0.0 0.0 0.110307435912 0.0 0.0 0.853512564084
0.0 0.0 0.113744983024 0.0 0.0 0.850075016972
0.0 0.0 0.117195829203 0.0 0.0 0.846624170793
0.0 0.0 0.12065636145 0.0 0.0 0.843163638546
0.0 0.0 0.124122802216 0.0 0.0 0.83969719778
0.0 0.0 0.127591205792 0.0 0.0 0.836228794204
0.0 0.0 0.131057455255 0.0 0.0 0.832762544741
0.0 0.0 0.134517260076 0.0 0.0 0.82930273992
0.0 0.0 0.137966154498 0.0 0.0 0.825853845498
0.0 0.0 0.141399496829 0.0 0.0 0.822420503167
0.0 0.0 0.144812469757 0.0 0.0 0.819007530239
0.0 0.0 0.148200081852 0.0 0.0 0.815619918144
0.0 0.0 0.151557170378 0.0 0.0 0.812262829618
0.0 0.0 0.154878405586 0.0 0.0 0.80894159441
0.0 0.0 0.158158296627 0.0 0.0 0.805661703369
0.0 0.0 0.161391199239 0.0 0.0 0.802428800757
0.0 0.0 0.164571325368 0.0 0.0 0.799248674628
0.0 0.0 0.167692754858 0.0 0.0 0.796127245138
0.0 0.0 0.170749449344 0.0 0.0 0.793070550652
0.0 0.0 0.173735268479 0.0 0.0 0.790084731517
0.0 0.0 0.176643988572 0.0 0.0 0.787176011424
0.0 0.0 0.179469323733 0.0 0.0 0.784350676263
0.0 0.0 0.182204949553 0.0 0.0 0.781615050443
0.0 0.0 0.184844529322 0.0 0.0 0.778975470674
0.0 0.0 0.187381742744 0.0 0.0 0.776438257252
0.0 0.0 0.189810317056 0.0 0.0 0.77400968294
0.0 0.0 0.192124060395 0.0 0.0 0.7716959396
0.0 0.0 0.194316897196 0.0 0.0 0.7695031028
0.0 0.0 0.196382905338 0.0 0.0 0.767437094658
0.0 0.0 0.198316354694 0.0 0.0 0.765503645302
0.0 0.0 0.200111746655 0.0 0.0 0.76370825334
0.0 0.0 0.201763854145 0.0 0.0 0.762056145851
0.0 0.0 0.203267761581 0.0 0.0 0.760552238414
0.0 0.0 0.204618904192 0.0 0.0 0.759201095803
0.0 0.0 0.205813106038 0.0 0.0 0.758006893957
0.0 0.0 0.206846616097 0.0 0.0 0.756973383898
0.0 0.0 0.207716141745 0.0 0.0 0.756103858251
0.0 0.0 0.208418878981 0.0 0.0 0.755401121015
0.0 0.0 0.208952538792 0.0 0.0 0.754867461204
0.0 0.0 0.209315369105 0.0 0.0 0.75450463089
0.0 0.0 0.209506171849 0.0 0.0 0.754313828147
0.0 0.0 0.209524314751 0.0 0.0 0.754295685244
0.0 0.0 0.209369737611 0.0 0.0 0.754450262385
0.0 0.0 0.209042952895 0.0 0.0 0.7547770471
0.0 0.0 0.208545040653 0.0 0.0 0.755274959342
0.0 0.0 0.207877637861 0.0 0.0 0.755942362135
0.0 0.0 0.207042922436 0.0 0.0 0.75677707756
0.0 0.0 0.206043592278 0.0 0.0 0.757776407718
0.0 0.0 0.204882839786 0.0 0.0 0.75893716021
0.0 0.0 0.203564322394 0.0 0.0 0.760255677601
0.0 0.0 0.202092129725 0.0 0.0 0.76172787027
0.0 0.0 0.200470747995 0.0 0.0 0.763349252
0.0 0.0 0.198705022342 0.0 0.0 0.765114977653
0.0 0.0 0.19680011773 0.0 0.0 0.767019882265
0.0 0.0 0.194761479072 0.0 0.0 0.769058520923
0.0 0.0 0.192594791179 0.0 0.0 0.771225208816
0.0 0.0 0.190305939089 0.0 0.0 0.773514060907
0.0 0.0 0.187900969277 0.0 0.0 0.775919030719
0.0 0.0 0.185386052183 0.0 0.0 0.778433947812
0.0 0.0 0.182767446421 0.0 0.0 0.781052553574
0.0 0.0 0.180051464964 0.0 0.0 0.783768535032
0.0 0.0 0.177244443538 0.0 0.0 0.786575556458
0.0 0.0 0.174352711395 0.0 0.0 0.7894672886
0.0 0.0 0.171382564565 0.0 0.0 0.79243743543
0.0 0.0 0.168340241637 0.0 0.0 0.795479758358
0.0 0.0 0.165231902091 0.0 0.0 0.798588097904
0.0 0.0 0.162063607134 0.0 0.0 0.801756392861
0.0 0.0 0.158841302974 0.0 0.0 0.804978697021
0.0 0.0 0.155570806449 0.0 0.0 0.808249193546
0.0 0.0 0.152257792882 0.0 0.0 0.811562207114
0.0 0.0 0.148907786039 0.0 0.0 0.814912213956
0.0 0.0 0.145526150051 0.0 0.0 0.818293849945
0.0 0.0 0.142118083131 0.0 0.0 0.821701916864
0.0 0.0 0.138688612967 0.0 0.0 0.825131387028
0.0 0.0 0.135242593601 0.0 0.0 0.828577406395
0.0 0.0 0.131784703669 0.0 0.0 0.832035296326
0.0 0.0 0.128319445849 0.0 0.0 0.835500554146
0.0 0.0 0.124851147363 0.0 0.0 0.838968852632
0.0 0.0 0.121383961417 0.0 0.0 0.842436038578
0.0 0.0 0.117921869442 0.0 0.0 0.845898130553
0.0 0.0 0.114468684018 0.0 0.0 0.849351315977
0.0 0.0 0.111028052378 0.0 0.0 0.852791947617
0.0 0.0 0.107603460378 0.0 0.0 0.856216539618
0.0 0.0 0.10419823686 0.0 0.0 0.859621763135
0.0 0.0 0.100815558314 0.0 0.0 0.863004441681
0.0 0.0 0.0974584537542 0.0 0.0 0.866361546241
0.0 0.0 0.0941298097741 0.0 0.0 0.869690190221
0.0 0.0 0.0908323756871 0.0 0.0 0.872987624308
0.0 0.0 0.0875687687265 0.0 0.0 0.876251231269
0.0 0.0 0.084341479248 0.0 0.0 0.879478520747
0.0 0.0 0.0811528759023 0.0 0.0 0.882667124093
0.0 0.0 0.0780052107434 0.0 0.0 0.885814789252
0.0 0.0 0.0749006242462 0.0 0.0 0.888919375749
0.0 0.0 0.0718411502121 0.0 0.0 0.891978849783
0.0 0.0 0.0688287205444 0.0 0.0 0.894991279451
0.0 0.0 0.065865169879 0.0 0.0 0.897954830116
0.0 0.0 0.0629522400607 0.0 0.0 0.900867759934
0.0 0.0 0.0600915844572 0.0 0.0 0.903728415538
0.0 0.0 0.0572847721056 0.0 0.0 0.906535227889
0.0 0.0 0.054533291688 0.0 0.0 0.909286708307
0.0 0.0 0.0518385553362 0.0 0.0 0.911981444659
0.0 0.0 0.0492019022649 0.0 0.0 0.91461809773
0.0 0.0 0.0466246022361 0.0 0.0 0.917195397759
0.0 0.0 0.0441078588565 0.0 0.0 0.919712141139
0.0 0.0 0.0416528127124 0.0 0.0 0.922167187283
0.0 0.0 0.0392605443462 0.0 0.0 0.924559455649
0.0 0.0 0.0369320770788 0.0 0.0 0.926887922916
0.0 0.0 0.0346683796835 0.0 0.0 0.929151620311
0.0 0.0 0.0324703689164 0.0 0.0 0.931349631079
0.0 0.0 0.0303389119097 0.0 0.0 0.933481088085
0.0 0.0 0.0282748284317 0.0 0.0 0.935545171563
0.0 0.0 0.0262788930206 0.0 0.0 0.937541106974
0.0 0.0 0.024351836997 0.0 0.0 0.939468162998
0.0 0.0 0.0224943503598 0.0 0.0 0.941325649635
0.0 0.0 0.0207070835715 0.0 0.0 0.943112916423
0.0 0.0 0.0189906492377 0.0 0.0 0.944829350757
0.0 0.0 0.0173456236846 0.0 0.0 0.94647437631
0.0 0.0 0.0157725484403 0.0 0.0 0.948047451555
0.0 0.0 0.0142719316229 0.0 0.0 0.949548068372
0.0 0.0 0.0128442492415 0.0 0.0 0.950975750753
0.0 0.0 0.0114899464103 0.0 0.0 0.952330053585
0.0 0.0 0.0102094384837 0.0 0.0 0.953610561511
0.0 0.0 0.00900311211223 0.0 0.0 0.954816887883
0.0 0.0 0.0078713262241 0.0 0.0 0.955948673771
0.0 0.0 0.00681441293496 0.0 0.0 0.95700558706
0.0 0.0 0.00583267838829 0.0 0.0 0.957987321607
0.0 0.0 0.00492640352898 0.0 0.0 0.958893596466
0.0 0.0 0.00409584481238 0.0 0.0 0.959724155182
0.0 0.0 0.00334123485074 0.0 0.0 0.960478765144
0.0 0.0 0.00266278299894 0.0 0.0 0.961157216996
0.0 0.0 0.00206067588119 0.0 0.0 0.961759324114
0.0 0.0 0.00153507786014 0.0 0.0 0.962284922135
0.0 0.0 0.00108613144974 0.0 0.0 0.962733868545
0.0 0.0 0.000713957673017 0.0 0.0 0.963106042322
0.0 0.0 0.000418656365708 0.0 0.0 0.963401343629
0.0 0.0 0.000200306426664 0.0 0.0 0.963619693568
0.0 0.0 5.89660156501e-05 0.0 0.0 0.963761033979
0.0 0.0 -5.32730087404e-06 0.0 0.0 0.963825327296
0.0 0.0 7.44354438796e-06 0.0 0.0 0.96381255645
0.0 0.0 9.72751623355e-05 0.0 0.0 0.963722724832
0.0 0.0 0.000264143698979 0.0 0.0 0.963555856296
0.0 0.0 0.000508004775666 0.0 0.0 0.963311995219
0.0 0.0 0.00082879337786 0.0 0.0 0.962991206617
0.0 0.0 0.00122642369217 0.0 0.0 0.962593576303
0.0 0.0 0.00170078889119 0.0 0.0 0.962119211104
0.0 0.0 0.00225176086553 0.0 0.0 0.961568239129
0.0 0.0 0.00287918990233 0.0 0.0 0.960940810092
0.0 0.0 0.00358290430937 0.0 0.0 0.960237095685
0.0 0.0 0.00436270998369 0.0 0.0 0.959457290011
0.0 0.0 0.00521838992352 0.0 0.0 0.958601610071
0.0 0.0 0.00614970368226 0.0 0.0 0.957670296312
0.0 0.0 0.00715638676273 0.0 0.0 0.956663613232
0.0 0.0 0.00823814995026 0.0 0.0 0.955581850044
0.0 0.0 0.00939467858247 0.0 0.0 0.954425321412
0.0 0.0 0.0106256317538 0.0 0.0 0.953194368241
0.0 0.0 0.0119306414524 0.0 0.0 0.951889358542
0.0 0.0 0.0133093116269 0.0 0.0 0.950510688368
0.0 0.0 0.0147612171806 0.0 0.0 0.949058782814
0.0 0.0 0.0162859028893 0.0 0.0 0.947534097105
0.0 0.0 0.0178828822411 0.0 0.0 0.945937117753
0.0 0.0 0.0195516361931 0.0 0.0 0.944268363801
0.0 0.0 0.0212916118426 0.0 0.0 0.942528388152
0.0 0.0 0.0231022210083 0.0 0.0 0.940717778986
0.0 0.0 0.0249828387174 0.0 0.0 0.938837161277
0.0 0.0 0.0269328015953 0.0 0.0 0.936887198399
0.0 0.0 0.028951406151 0.0 0.0 0.934868593844
0.0 0.0 0.0310379069562 0.0 0.0 0.932782093038
0.0 0.0 0.0331915147112 0.0 0.0 0.930628485283
0.0 0.0 0.0354113941924 0.0 0.0 0.928408605802
0.0 0.0 0.037696662078 0.0 0.0 0.926123337917
0.0 0.0 0.0400463846437 0.0 0.0 0.923773615351
0.0 0.0 0.0424595753249 0.0 0.0 0.92136042467
0.0 0.0 0.0449351921397 0.0 0.0 0.918884807855
0.0 0.0 0.0474721349656 0.0 0.0 0.916347865029
0.0 0.0 0.0500692426673 0.0 0.0 0.913750757327
0.0 0.0 0.0527252900675 0.0 0.0 0.911094709927
0.0 0.0 0.0554389847595 0.0 0.0 0.908381015235
0.0 0.0 0.058208963754 0.0 0.0 0.905611036241
0.0 0.0 0.0610337899592 0.0 0.0 0.902786210035
0.0 0.0 0.0639119484914 0.0 0.0 0.899908051503
0.0 0.0 0.0668418428131 0.0 0.0 0.896978157181
0.0 0.0 0.0698217907006 0.0 0.0 0.893998209294
0.0 0.0 0.0728500200417 0.0 0.0 0.890969979953
0.0 0.0 0.0759246644674 0.0 0.0 0.887895335527
0.0 0.0 0.0790437588232 0.0 0.0 0.884776241171
0.0 0.0 0.0822052344889 0.0 0.0 0.881614765505
0.0 0.0 0.085406914559 0.0 0.0 0.878413085435
0.0 0.0 0.0886465088972 0.0 0.0 0.875173491097
0.0 0.0 0.0919216090862 0.0 0.0 0.871898390908
0.0 0.0 0.0952296832951 0.0 0.0 0.868590316699
0.0 0.0 0.0985680710928 0.0 0.0 0.865251928902
0.0 0.0 0.101933978242 0.0 0.0 0.861886021752
0.0 0.0 0.105324471514 0.0 0.0 0.85849552848
0.0 0.0 0.108736473569 0.0 0.0 0.855083526425
0.0 0.0 0.112166757956 0.0 0.0 0.851653242038
0.0 0.0 0.115611944298 0.0 0.0 0.848208055697
0.0 0.0 0.119068493718 0.0 0.0 0.844751506276
0.0 0.0 0.122532704604 0.0 0.0 0.84128729539
0.0 0.0 0.126000708775 0.0 0.0 0.837819291219
0.0 0.0 0.129468468163 0.0 0.0 0.834351531831
0.0 0.0 0.132931772099 0.0 0.0 0.830888227896
0.0 0.0 0.136386235326 0.0 0.0 0.827433764668
0.0 0.0 0.139827296857 0.0 0.0 0.823992703137
0.0 0.0 0.143250219804 0.0 0.0 0.82056978019
0.0 0.0 0.146650092315 0.0 0.0 0.817169907679
0.0 0.0 0.15002182977 0.0 0.0 0.813798170224
0.0 0.0 0.153360178377 0.0 0.0 0.810459821618
0.0 0.0 0.156659720316 0.0 0.0 0.807160279678
0.0 0.0 0.159914880603 0.0 0.0 0.803905119391
0.0 0.0 0.1631199358 0.0 0.0 0.800700064194
0.0 0.0 0.16626902474 0.0 0.0 0.797550975254
0.0 0.0 0.169356161395 0.0 0.0 0.794463838599
0.0 0.0 0.172375250018 0.0 0.0 0.791444749977
0.0 0.0 0.175320102663 0.0 0.0 0.788499897331
0.0 0.0 0.178184459179 0.0 0.0 0.785635540815
0.0 0.0 0.180962009718 0.0 0.0 0.782857990276
0.0 0.0 0.183646419794 0.0 0.0 0.7801735802
0.0 0.0 0.186231357865 0.0 0.0 0.77758864213
0.0 0.0 0.188710525358 0.0 0.0 0.775109474636
0.0 0.0 0.191077689036 0.0 0.0 0.772742310958
0.0 0.0 0.193326715488 0.0 0.0 0.770493284507
0.0 0.0 0.195451607518 0.0 0.0 0.768368392477
0.0 0.0 0.197446542098 0.0 0.0 0.766373457896
0.0 0.0 0.199305909503 0.0 0.0 0.764514090491
0.0 0.0 0.20102435316 0.0 0.0 0.762795646835
0.0 0.0 0.202596809711 0.0 0.0 0.761223190284
0.0 0.0 0.204018548699 0.0 0.0 0.759801451295
0.0 0.0 0.205285211265 0.0 0.0 0.758534788729
0.0 0.0 0.206392847202 0.0 0.0 0.757427152792
0.0 0.0 0.207337949716 0.0 0.0 0.756482050278
0.0 0.0 0.208117487216 0.0 0.0 0.755702512778
0.0 0.0 0.208728931528 0.0 0.0 0.755091068466
0.0 0.0 0.209170281929 0.0 0.0 0.754649718065
0.0 0.0 0.20944008451 0.0 0.0 0.754379915485
0.0 0.0 0.20953744642 0.0 0.0 0.754282553574
0.0 0.0 0.209462044706 0.0 0.0 0.754357955288
0.0 0.0 0.209214129515 0.0 0.0 0.75460587048
0.0 0.0 0.208794521608 0.0 0.0 0.755025478386
0.0 0.0 0.208204604242 0.0 0.0 0.755615395752
0.0 0.0 0.207446309584 0.0 0.0 0.75637369041
0.0 0.0 0.206522099987 0.0 0.0 0.757297900007
0.0 0.0 0.205434944518 0.0 0.0 0.758385055476
0.0 0.0 0.204188291247 0.0 0.0 0.759631708747
0.0 0.0 0.202786035875 0.0 0.0 0.76103396412
0.0 0.0 0.201232487317 0.0 0.0 0.762587512677
0.0 0.0 0.199532330905 0.0 0.0 0.764287669089
0.0 0.0 0.197690589856 0.0 0.0 0.766129410138
0.0 0.0 0.195712585682 0.0 0.0 0.768107414312
0.0 0.0 0.193603898143 0.0 0.0 0.770216101851
0.0 0.0 0.191370325339 0.0 0.0 0.772449674655
0.0 0.0 0.189017844453 0.0 0.0 0.774802155541
0.0 0.0 0.186552573634 0.0 0.0 0.77726742636
0.0 0.0 0.183980735383 0.0 0.0 0.779839264611
0.0 0.0 0.181308621806 0.0 0.0 0.782511378188
0.0 0.0 0.178542561972 0.0 0.0 0.785277438022
0.0 0.0 0.175688891574 0.0 0.0 0.78813110842
0.0 0.0 0.172753925035 0.0 0.0 0.791066074959
0.0 0.0 0.169743930129 0.0 0.0 0.794076069865
0.0 0.0 0.166665105142 0.0 0.0 0.797154894852
0.0 0.0 0.163523558569 0.0 0.0 0.800296441425
0.0 0.0 0.160325291275 0.0 0.0 0.803494708719
0.0 0.0 0.157076181065 0.0 0.0 0.806743818929
0.0 0.0 0.153781969524 0.0 0.0 0.81003803047
0.0 0.0 0.15044825104 0.0 0.0 0.813371748954
0.0 0.0 0.147080463829 0.0 0.0 0.816739536165
0.0 0.0 0.14368388286 0.0 0.0 0.820136117134
0.0 0.0 0.140263614493 0.0 0.0 0.823556385501
0.0 0.0 0.136824592696 0.0 0.0 0.826995407298
0.0 0.0 0.13337157668 0.0 0.0 0.830448423314
0.0 0.0 0.12990914981 0.0 0.0 0.833910850184
0.0 0.0 0.126441719641 0.0 0.0 0.837378280353
0.0 0.0 0.122973518946 0.0 0.0 0.840846481048
0.0 0.0 0.119508607603 0.0 0.0 0.844311392391
0.0 0.0 0.11605087522 0.0 0.0 0.847769124774
0.0 0.0 0.112604044386 0.0 0.0 0.851215955608
0.0 0.0 0.109171674439 0.0 0.0 0.854648325555
0.0 0.0 0.105757165664 0.0 0.0 0.85806283433
0.0 0.0 0.102363763817 0.0 0.0 0.861456236177
0.0 0.0 0.0989945649251 0.0 0.0 0.864825435069
0.0 0.0 0.095652520257 0.0 0.0 0.868167479737
0.0 0.0 0.0923404414354 0.0 0.0 0.871479558558
0.0 0.0 0.0890610056155 0.0 0.0 0.874758994378
0.0 0.0 0.0858167606905 0.0 0.0 0.878003239303
0.0 0.0 0.0826101304832 0.0 0.0 0.881209869511
0.0 0.0 0.0794434198863 0.0 0.0 0.884376580107
0.0 0.0 0.0763188199257 0.0 0.0 0.887501180068
0.0 0.0 0.0732384127191 0.0 0.0 0.890581587275
0.0 0.0 0.0702041763137 0.0 0.0 0.89361582368
0.0 0.0 0.0672179893839 0.0 0.0 0.89660201061
0.0 0.0 0.0642816357807 0.0 0.0 0.899538364213
0.0 0.0 0.0613968089199 0.0 0.0 0.902423191074
0.0 0.0 0.0585651160062 0.0 0.0 0.905254883988
0.0 0.0 0.0557880820878 0.0 0.0 0.908031917906
0.0 0.0 0.0530671539387 0.0 0.0 0.910752846055
0.0 0.0 0.0504037037713 0.0 0.0 0.913416296223
0.0 0.0 0.0477990327772 0.0 0.0 0.916020967217
0.0 0.0 0.0452543745011 0.0 0.0 0.918565625493
0.0 0.0 0.0427708980499 0.0 0.0 0.921049101944
0.0 0.0 0.0403497111408 0.0 0.0 0.923470288853
0.0 0.0 0.0379918629941 0.0 0.0 0.925828137
0.0 0.0 0.0356983470743 0.0 0.0 0.928121652919
0.0 0.0 0.0334701036861 0.0 0.0 0.930349896308
0.0 0.0 0.0313080224291 0.0 0.0 0.932511977565
0.0 0.0 0.0292129445191 0.0 0.0 0.934607055475
0.0 0.0 0.0271856649784 0.0 0.0 0.936634335015
0.0 0.0 0.0252269347038 0.0 0.0 0.93859306529
0.0 0.0 0.0233374624149 0.0 0.0 0.940482537579
0.0 0.0 0.0215179164898 0.0 0.0 0.942302083504
0.0 0.0 0.0197689266924 0.0 0.0 0.944051073301
0.0 0.0 0.0180910857958 0.0 0.0 0.945728914198
0.0 0.0 0.0164849511076 0.0 0.0 0.947335048886
0.0 0.0 0.0149510459004 0.0 0.0 0.948868954093
0.0 0.0 0.0134898607516 0.0 0.0 0.950330139242
0.0 0.0 0.0121018547972 0.0 0.0 0.951718145196
0.0 0.0 0.010787456903 0.0 0.0 0.953032543091
0.0 0.0 0.00954706675599 0.0 0.0 0.954272933238
0.0 0.0 0.00838105587975 0.0 0.0 0.955438944114
0.0 0.0 0.00728976857703 0.0 0.0 0.956530231417
0.0 0.0 0.00627352280137 0.0 0.0 0.957546477192
0.0 0.0 0.00533261096118 0.0 0.0 0.958487389032
0.0 0.0 0.00446730065804 0.0 0.0 0.959352699336
0.0 0.0 0.00367783536162 0.0 0.0 0.960142164632
0.0 0.0 0.00296443502306 0.0 0.0 0.960855564971
0.0 0.0 0.00232729662855 0.0 0.0 0.961492703365
0.0 0.0 0.00176659469463 0.0 0.0 0.962053405299
0.0 0.0 0.00128248170673 0.0 0.0 0.962537518287
0.0 0.0 0.000875088502079 0.0 0.0 0.962944911491
0.0 0.0 0.000544524598017 0.0 0.0 0.963275475396
0.0 0.0 0.000290878466746 0.0 0.0 0.963529121527
0.0 0.0 0.000114217757164 0.0 0.0 0.963705782236
0.0 0.0 1.4589464443e-05 0.0 0.0 0.963805410529
0.0 0.0 -7.97995218825e-06 0.0 0.0 0.963827979946
0.0 0.0 4.65154968567e-05 0.0 0.0 0.963773484497
0.0 0.0 0.000178061346532 0.0 0.0 0.963641938647
0.0 0.0 0.000386622640911 0.0 0.0 0.963433377353
0.0 0.0 0.000672143845591 0.0 0.0 0.963147856148
0.0 0.0 0.0010345487085 0.0 0.0 0.962785451285
0.0 0.0 0.00147374006872 0.0 0.0 0.962346259925
0.0 0.0 0.00198959961285 0.0 0.0 0.961830400381
0.0 0.0 0.00258198757812 0.0 0.0 0.961238012415
0.0 0.0 0.0032507424016 0.0 0.0 0.960569257592
0.0 0.0 0.00399568031441 0.0 0.0 0.959824319679
0.0 0.0 0.00481659487978 0.0 0.0 0.959003405114
0.0 0.0 0.00571325647379 0.0 0.0 0.95810674352
0.0 0.0 0.00668541170724 0.0 0.0 0.957134588286
0.0 0.0 0.007732782787 0.0 0.0 0.956087217206
0.0 0.0 0.00885506681503 0.0 0.0 0.954964933178
0.0 0.0 0.0100519350232 0.0 0.0 0.95376806497
0.0 0.0 0.0113230319413 0.0 0.0 0.952496968052
0.0 0.0 0.0126679744966 0.0 0.0 0.951152025497
0.0 0.0 0.0140863510415 0.0 0.0 0.949733648952
0.0 0.0 0.0155777203065 0.0 0.0 0.948242279687
0.0 0.0 0.0171416102767 0.0 0.0 0.946678389717
0.0 0.0 0.0187775169867 0.0 0.0 0.945042483007
0.0 0.0 0.0204849032316 0.0 0.0 0.943335096762
0.0 0.0 0.0222631971897 0.0 0.0 0.941556802804
0.0 0.0 0.0241117909539 0.0 0.0 0.939708209039
0.0 0.0 0.0260300389659 0.0 0.0 0.937789961027
0.0 0.0 0.0280172563506 0.0 0.0 0.935802743643
0.0 0.0 0.030072717144 0.0 0.0 0.933747282849
0.0 0.0 0.0321956524121 0.0 0.0 0.931624347581
0.0 0.0 0.0343852482532 0.0 0.0 0.92943475174
0.0 0.0 0.0366406436801 0.0 0.0 0.927179356313
0.0 0.0 0.038960928376 0.0 0.0 0.924859071617
0.0 0.0 0.0413451403189 0.0 0.0 0.922474859674
