0.0 0.0 0.0 0.0 0.0 0.7414 0.0 0.0 2.0
3.40566881811e-16 3.23538537822e-15 -7.58328242308e-05 -7.37894910559e-16 5.95992043345e-15 0.741348382205 -2.32720702611e-15 -3.97328028748e-16 1.98512950102
-2.55425161451e-15 5.50583125795e-15 -0.000234457990435 -3.12186308398e-15 1.31685861005e-14 0.741248525414 -7.94656057496e-16 2.66777390848e-15 1.97039237311
-2.49749046766e-15 4.93821978839e-15 -0.000483048155423 -8.96826122337e-15 1.92987899747e-14 0.741103974238 -5.16526437521e-15 4.88145864183e-15 1.95579254204
-2.49749046757e-15 2.66777390903e-15 -0.000828951617281 -1.07846179269e-14 2.25341753527e-14 0.740918401461 -1.15792739838e-14 7.37894911042e-15 1.9413339898
-1.53255096843e-15 -2.78129620142e-15 -0.00127965341214 -8.3438886064e-15 2.66209779354e-14 0.740695569437 -1.49849428019e-14 1.04440510488e-14 1.92702075452
1.1352229434e-16 -8.116844018e-15 -0.00184273545274 -3.97328028822e-15 2.77562008749e-14 0.740439291075 -2.06610574975e-14 1.52687485438e-14 1.91285692971
4.37060831846e-15 -1.23171688955e-14 -0.00252583618498 6.64105419819e-15 3.74623570088e-14 0.740153390994 -2.71318282506e-14 2.02637294799e-14 1.89884666283
1.23739300431e-14 -1.50984650982e-14 -0.00333661025856 1.226040775e-14 4.73955577307e-14 0.739841667413 -2.92887518335e-14 2.2363891919e-14 1.88499415287
1.32253472483e-14 -1.86176562124e-14 -0.00428268871732 2.31017868244e-14 6.14155610354e-14 0.739507855362 -3.04239747711e-14 2.53154715639e-14 1.87130364701
9.76291728263e-15 -2.76994397313e-14 -0.00537164021268 3.03672136387e-14 6.8680987849e-14 0.739155591773 -3.56460002912e-14 2.77562008849e-14 1.85777943629
2.72453505709e-15 -3.54189557226e-14 -0.00661093372891 3.26376595185e-14 7.87277108648e-14 0.73878838297 -3.79732073136e-14 3.30917487023e-14 1.84442585023
-3.29214652172e-15 -3.70082678387e-14 -0.00800790328097 4.33087551519e-14 9.01367014083e-14 0.738409575025 -3.96760417195e-14 3.78029239031e-14 1.8312472503
-3.06510193183e-15 -2.88346626719e-14 -0.00956971500502 5.69881915754e-14 1.03532332096e-13 0.738022327408 -3.90516690989e-14 4.67144239814e-14 1.81824802241
-2.15692357795e-15 -2.75859174378e-14 -0.0113033370088 7.87844720177e-14 1.16417112461e-13 0.737629590252 -3.71785512453e-14 5.30716724455e-14 1.80543256835
-6.13020386403e-15 -2.62236499102e-14 -0.0132155122843 9.88779180504e-14 1.28620759062e-13 0.737234085495 -3.80299684477e-14 6.23805005503e-14 1.79280529628
-7.71951597689e-15 -2.90049461126e-14 -0.0153127349128 1.21639137991e-13 1.4144877828e-13 0.736838292041 -4.50115895253e-14 6.69213923086e-14 1.78037061033
-1.3055063791e-14 -2.95157964344e-14 -0.0176012297105 1.44400357932e-13 1.57285138289e-13 0.736444435012 -5.92018762678e-14 7.57193700897e-14 1.76813289943
-2.15692358358e-14 -3.6327134071e-14 -0.0200869353782 1.70680768987e-13 1.73462065179e-13 0.736054479035 -7.10649559839e-14 8.96826122445e-14 1.75609652557
-3.05374970561e-14 -4.74523188771e-14 -0.022775491133 1.99685715096e-13 1.9338522777e-13 0.735670125414 -9.05907905419e-14 9.88779180528e-14 1.74426581149
-4.79631691743e-14 -6.09047107089e-14 -0.0256722267147 2.2727163253e-13 2.12229928569e-13 0.735292812962 -1.11081564598e-13 1.17325290819e-13 1.7326450281
-6.07344272411e-14 -7.37894910709e-14 -0.0287821555788 2.49749046736e-13 2.27668960548e-13 0.73492372215 -1.29074848187e-13 1.32139950177e-13 1.7212383817
-6.41400960559e-14 -8.79230166667e-14 -0.0321099710189 2.61782409897e-13 2.41972769588e-13 0.734563782192 -1.4945209995e-13 1.48543921652e-13 1.71005000121
-6.43671406408e-14 -9.9332007208e-14 -0.0356600448978 2.81535289048e-13 2.60363381211e-13 0.734213680599 -1.71361902681e-13 1.65231698863e-13 1.69908392554
-6.39698126077e-14 -1.1579273983e-13 -0.0394364286182 3.01231407053e-13 2.8352192918e-13 0.733873874714 -1.91852676737e-13 1.76583928257e-13 1.68834409127
-6.93621215655e-14 -1.33558978833e-13 -0.0434428559342 3.22460076026e-13 3.04920881593e-13 0.733544604726 -2.12286689646e-13 1.86857695858e-13 1.67783432069
-7.96926503094e-14 -1.53311857979e-13 -0.047682747181 3.47548502993e-13 3.26376595153e-13 0.733225907651 -2.33118030585e-13 2.0184263866e-13 1.66755831042
-8.78662554669e-14 -1.70113157482e-13 -0.0521592145037 3.75418226162e-13 3.48172875595e-13 0.732917631802 -2.51395119911e-13 2.18473654723e-13 1.65751962058
-1.01715975322e-13 -1.92306765948e-13 -0.0568750676759 4.03458232773e-13 3.70934095536e-13 0.732619451319 -2.75915935404e-13 2.31131390499e-13 1.64772166461
-1.15054844853e-13 -2.13308390329e-13 -0.0618328201301 4.30476538738e-13 3.9119782501e-13 0.732330880375 -3.00323228602e-13 2.45435199536e-13 1.63816769965
-1.22547316245e-13 -2.37999489261e-13 -0.0670346948606 4.62887153666e-13 4.14413134127e-13 0.73205128678 -3.20473435775e-13 2.76824113816e-13 1.62886081751
-1.29699220753e-13 -2.55425161377e-13 -0.0724826299138 4.99384571178e-13 4.40352978299e-13 0.731779904776 -3.46299757647e-13 3.10086145947e-13 1.61980393619
-1.30947965975e-13 -2.76767352635e-13 -0.0781782832413 5.38265956862e-13 4.61922214152e-13 0.731515846924 -3.7206931837e-13 3.45051012488e-13 1.61099979165
-1.33558978724e-13 -2.95498531132e-13 -0.0841230367561 5.80836817102e-13 4.81788615596e-13 0.731258115072 -4.01187786762e-13 3.80640251646e-13 1.60245092987
-1.30891204805e-13 -3.22176270208e-13 -0.0903179995039 6.20058769669e-13 4.9734116987e-13 0.731005610528 -4.24459857017e-13 4.12937344279e-13 1.59415969885
-1.24306911744e-13 -3.44823967848e-13 -0.0967640099284 6.57577887827e-13 5.16072348375e-13 0.730757143616 -4.42963990924e-13 4.48015733114e-13 1.58612824043
-1.11195086778e-13 -3.71501706924e-13 -0.103461637279 6.91180486843e-13 5.35768466379e-13 0.730511442903 -4.61581647125e-13 4.77020679222e-13 1.57835848165
-9.66642331377e-14 -3.92957420476e-13 -0.110411182267 7.25691264212e-13 5.53194138504e-13 0.730267164456 -4.75998978448e-13 5.05174208127e-13 1.57085212539
-8.8944717135e-14 -4.18386414318e-13 -0.117612677138 7.59861474697e-13 5.60289281877e-13 0.730022901519 -4.93424650562e-13 5.27651622334e-13 1.56361064015
-8.74121661527e-14 -4.44269497334e-13 -0.125065885357 7.97777920883e-13 5.65908635429e-13 0.729777195047 -5.1374514117e-13 5.50242558838e-13 1.55663524863
-7.97494112974e-14 -4.68052417913e-13 -0.132770301162 8.36205217393e-13 5.77260864826e-13 0.729528545542 -5.36960450275e-13 5.73174062224e-13 1.549926915
-7.16893284135e-14 -4.89564892614e-13 -0.140725149242 8.74973080785e-13 5.89578033722e-13 0.729275426585 -5.62957055582e-13 5.9156467385e-13 1.54348633074
-6.25507837367e-14 -5.07955504229e-13 -0.14892938481 9.11016409123e-13 5.95367670714e-13 0.729016300447 -5.88329288269e-13 6.14779982968e-13 1.53731389891
-5.22202549737e-14 -5.24529759143e-13 -0.157381694352 9.51884434953e-13 6.08990345989e-13 0.728749636074 -6.21250753505e-13 6.35327518178e-13 1.53140971692
-4.46710224127e-14 -5.45361100079e-13 -0.166080497312 9.96385174191e-13 6.25280795173e-13 0.728473929632 -6.55761530856e-13 6.52639668011e-13 1.52577355786
-3.7462356736e-14 -5.66816813632e-13 -0.175023948935 1.04014801852e-12 6.4264970615e-13 0.728187727714 -6.89534413296e-13 6.74208903867e-13 1.52040485047
-3.27511815259e-14 -5.88045482597e-13 -0.184209944489 1.08005110485e-12 6.61267362361e-13 0.727889653148 -7.21604461326e-13 6.97480974132e-13 1.51530265816
-2.70750668174e-14 -6.06322571918e-13 -0.193636124999 1.11915953513e-12 6.78182184162e-13 0.727578433236 -7.53447464768e-13 7.22739684541e-13 1.51046565737
-2.29315030779e-14 -6.18469457365e-13 -0.203299884638 1.16280885716e-12 6.92826560084e-13 0.727252930079 -7.87504152942e-13 7.49190379037e-13 1.50589211566
-1.65174934586e-14 -6.21761603883e-13 -0.213198379802 1.20838805819e-12 7.08833203534e-13 0.726912172533 -8.1963096212e-13 7.73938239124e-13 1.50157987017
-1.10684233386e-14 -6.28686463809e-13 -0.223328539897 1.25521600445e-12 7.29551022184e-13 0.72655538919 -8.5658246879e-13 8.03340513263e-13 1.49752630698
-7.8330379515e-15 -6.26643062513e-13 -0.233687079783 1.3022709953e-12 7.51971675243e-13 0.726182041677 -8.95747660194e-13 8.30869669552e-13 1.49372834205
-1.08981398784e-14 -6.18526218488e-13 -0.244270513783 1.35199376006e-12 7.73938239127e-13 0.725791857469 -9.27136574462e-13 8.51757771643e-13 1.49018240444
-1.37361972161e-14 -6.13304192962e-13 -0.255075171103 1.40347612038e-12 7.96529175627e-13 0.725384861353 -9.60966218052e-13 8.72986440617e-13 1.48688442246
-1.54390316142e-14 -6.03938603707e-13 -0.266097212495 1.4558098979e-12 8.15373876426e-13 0.724961404648 -1.00092606552e-12 8.98812762497e-13 1.48382981348
-2.40667259429e-14 -5.91337629073e-13 -0.277332647923 1.50638407987e-12 8.38305379808e-13 0.724522191291 -1.04519976015e-12 9.2645544108e-13 1.48101347801
-3.5532477621e-14 -5.81688234083e-13 -0.288777355011 1.55633388921e-12 8.64756074304e-13 0.724068299935 -1.08691920317e-12 9.53019657869e-13 1.47842979868
-5.15391210578e-14 -5.72606450563e-13 -0.300427097984 1.60724863806e-12 9.00458835757e-13 0.723601201265 -1.1311928978e-12 9.83216588066e-13 1.47607264444
-6.57294077896e-14 -5.62389444104e-13 -0.31227754685 1.65895804296e-12 9.38148237355e-13 0.723122769865 -1.16706594268e-12 1.01755708199e-12 1.47393538057
-8.34388856357e-14 -5.45588144595e-13 -0.324324296533 1.71492453389e-12 9.70842658018e-13 0.722635290047 -1.20356336017e-12 1.04854866825e-12 1.47201088456
-9.75156500763e-14 -5.27878666731e-13 -0.336562885687 1.77248033693e-12 1.00120987166e-12 0.722141455255 -1.24051486685e-12 1.084364952e-12 1.47029156802
-1.03191764763e-13 -5.1181526213e-13 -0.348988814937 1.83673395532e-12 1.02646858206e-12 0.72164436075 -1.27513916649e-12 1.11637823889e-12 1.46876940467
-1.11081564181e-13 -4.9444635115e-13 -0.361597564307 1.90189575206e-12 1.0521246205e-12 0.721147489513 -1.30579018585e-12 1.14952674873e-12 1.46743596404
-1.12103264813e-13 -4.86783596303e-13 -0.374384609602 1.96155171754e-12 1.07613458568e-12 0.720654691398 -1.32855140578e-12 1.18812432868e-12 1.46628245076
-1.06597433543e-13 -4.84683433861e-13 -0.387345437584 2.02654323084e-12 1.09776058268e-12 0.72017015579 -1.34597707789e-12 1.22445146275e-12 1.46529974887
-9.5529009869e-14 -4.80085780951e-13 -0.400475559752 2.08767498615e-12 1.12370042685e-12 0.719698378121 -1.35801044104e-12 1.26378693761e-12 1.46447847063
-8.65039874865e-14 -4.80256064387e-13 -0.413770524623 2.15124747077e-12 1.14941322643e-12 0.719244120748 -1.37503878512e-12 1.30380354624e-12 1.46380900924
-8.4176780449e-14 -4.88543191841e-13 -0.427225928424 2.21317388213e-12 1.16899582214e-12 0.71881236881 -1.38820737121e-12 1.34058476948e-12 1.46328159469
-7.90115160612e-14 -5.00519793848e-13 -0.440837424136 2.27447592087e-12 1.18369695921e-12 0.718408281765 -1.39785676619e-12 1.37606048635e-12 1.46288635204
-7.19731338232e-14 -5.13291051913e-13 -0.454600728879 2.34400832593e-12 1.19777372367e-12 0.718037141375 -1.40915223442e-12 1.41721231791e-12 1.46261336128
-6.27778280005e-14 -5.15618258933e-13 -0.468511629666 2.41257579149e-12 1.21150992124e-12 0.717704296962 -1.41374988732e-12 1.45745597112e-12 1.46245271812
-6.04506209625e-14 -5.15277692044e-13 -0.482565987565 2.47932690034e-12 1.21826449773e-12 0.717415108766 -1.41227409748e-12 1.49287492684e-12 1.46239459475
-6.72051974428e-14 -5.1709404874e-13 -0.496759740374 2.54965396146e-12 1.2274030424e-12 0.717174890261 -1.40211385216e-12 1.52976967238e-12 1.4624293
-7.08946719858e-14 -5.17888704791e-13 -0.511088903916 2.62020806716e-12 1.2321142176e-12 0.716988850255 -1.3852557915e-12 1.56053421405e-12 1.4625473381
-7.51517579982e-14 -5.2248635769e-13 -0.525549572089 2.68304265687e-12 1.24136628456e-12 0.71686203558 -1.36544615119e-12 1.59527203601e-12 1.4627394655
-8.76959714706e-14 -5.27992188942e-13 -0.540137915842 2.74417441218e-12 1.25005074004e-12 0.716799275132 -1.3451824217e-12 1.63182621466e-12 1.46299674504
-9.67777549762e-14 -5.35711704927e-13 -0.554850181251 2.80263839357e-12 1.26015422421e-12 0.716805125972 -1.32202387372e-12 1.66633699203e-12 1.46331059715
-1.04270226366e-13 -5.4609899482e-13 -0.569682686874 2.86677848966e-12 1.26514920514e-12 0.716883822137 -1.29937617606e-12 1.69999635219e-12 1.46367284742
-1.14771038546e-13 -5.59835192385e-13 -0.584631820581 2.92473162073e-12 1.26957657461e-12 0.717039226745 -1.28359657719e-12 1.73059061042e-12 1.46407577045
-1.21014764702e-13 -5.67554708369e-13 -0.599694036056 2.97678159252e-12 1.28064499827e-12 0.717274787895 -1.27025770764e-12 1.76124162979e-12 1.46451212941
-1.217526596e-13 -5.78793415467e-13 -0.614865849137 3.02837747513e-12 1.2933594952e-12 0.717593498815 -1.25374021385e-12 1.79819313648e-12 1.46497521129
-1.25215089554e-13 -5.92245807298e-13 -0.630143834183 3.08105181953e-12 1.31010403356e-12 0.717997862612 -1.23858498759e-12 1.83747185019e-12 1.46545885759
-1.26861162805e-13 -6.053008711e-13 -0.645524620614 3.13225037411e-12 1.32605391586e-12 0.718489861918 -1.22246482184e-12 1.87998594928e-12 1.46595749032
-1.27826102292e-13 -6.23123871249e-13 -0.661004889757 3.18055411019e-12 1.34393367716e-12 0.719070933664 -1.21241809881e-12 1.91903761841e-12 1.46646613323
-1.26917923929e-13 -6.37257396843e-13 -0.676581372122 3.23459072212e-12 1.36459473466e-12 0.719741949121 -1.19783048402e-12 1.95922451047e-12 1.4669804283
-1.33786022702e-13 -6.54456024375e-13 -0.692250845178 3.2895355124e-12 1.38724243231e-12 0.72050319933 -1.18466189791e-12 1.99691391207e-12 1.46749664747
-1.4150553868e-13 -6.67397565883e-13 -0.708010131704 3.34323155744e-12 1.40336259805e-12 0.721354385945 -1.16876877674e-12 2.03925772772e-12 1.46801169954
-1.47692503689e-13 -6.77046960867e-13 -0.723856098738 3.3939192617e-12 1.42481831161e-12 0.722294617491 -1.14861856954e-12 2.0811474542e-12 1.46852313243
-1.6063404519e-13 -6.89023562877e-13 -0.739785657147 3.44176890861e-12 1.44542260797e-12 0.723322410996 -1.13244164264e-12 2.12349126985e-12 1.46902913077
-1.69261739521e-13 -7.03100327325e-13 -0.755795761784 3.48394244082e-12 1.46642423235e-12 0.724435698915 -1.12233815846e-12 2.16560804091e-12 1.46952850884
-1.79649029408e-13 -7.17971747831e-13 -0.771883412218 3.52798909087e-12 1.48197678663e-12 0.725631841229 -1.1185351616e-12 2.20886003491e-12 1.47002069907
-1.95258344818e-13 -7.32332318014e-13 -0.788045653975 3.57084375685e-12 1.49128561473e-12 0.726907642614 -1.11910277306e-12 2.25903688885e-12 1.47050573599
-2.12400211196e-13 -7.4720373852e-13 -0.804279580212 3.61852312031e-12 1.50150262119e-12 0.728259374506 -1.10826139397e-12 2.31114362178e-12 1.47098423592
-2.32550418364e-13 -7.60429085764e-13 -0.820582333781 3.6675647513e-12 1.51285485059e-12 0.729682801924 -1.09588746391e-12 2.36364768274e-12 1.47145737223
-2.51962730621e-13 -7.72689493509e-13 -0.836951109558 3.72182840782e-12 1.52335566278e-12 0.731173214855 -1.08220802747e-12 2.4096242118e-12 1.47192684648
-2.68026135206e-13 -7.91250388569e-13 -0.853383156986 3.77665967581e-12 1.53204011827e-12 0.732725464035 -1.07085579806e-12 2.46190122818e-12 1.47239485541
-2.83408406028e-13 -8.15714442916e-13 -0.869875782729 3.82649596286e-12 1.53249420745e-12 0.734334000908 -1.06302275976e-12 2.51468909487e-12 1.47286405387
-2.94874157708e-13 -8.46762790312e-13 -0.886426353354 3.8726995365e-12 1.53902173936e-12 0.735992921544 -1.05303279788e-12 2.56645526093e-12 1.47333751397
-3.06566953975e-13 -8.77130003944e-13 -0.903032297976 3.9254874032e-12 1.54895494008e-12 0.737696014266 -1.04060210667e-12 2.61878903845e-12 1.47381868043
-3.17919183361e-13 -9.08348634781e-13 -0.919691110782 3.98695972538e-12 1.55219032546e-12 0.739436810719 -1.02896607152e-12 2.66629811848e-12 1.47431132245
-3.2995254651e-13 -9.41894472645e-13 -0.936400353382 4.05285941703e-12 1.55389315987e-12 0.741208640048 -1.01767060326e-12 2.71778047879e-12 1.47481948236
-3.37615301341e-13 -9.80265008001e-13 -0.953157656935 4.11518315642e-12 1.56076125866e-12 0.743004685835 -1.01369732295e-12 2.7732361194e-12 1.47534742124
-3.47037651729e-13 -1.01528663569e-12 -0.969960724001 4.17200106455e-12 1.567459074e-12 0.744818045384 -1.00756711906e-12 2.82471847971e-12 1.475899562
-3.5566534606e-13 -1.04712963914e-12 -0.9868073301 4.23057856823e-12 1.57415688935e-12 0.74664179087 -1.00200452664e-12 2.88136610441e-12 1.47648043029
-3.60887371571e-13 -1.08005110438e-12 -1.00369532494 4.28745323751e-12 1.5779598862e-12 0.748469031839 -9.92468653932e-13 2.94266814315e-12 1.47709459375
-3.714449449e-13 -1.10826139443e-12 -1.02062263332 4.33904912012e-12 1.57813016964e-12 0.750292978446 -9.77483711113e-13 3.00720556727e-12 1.47774660019
-3.84159441814e-13 -1.14180723229e-12 -1.03758725567 4.3874663785e-12 1.57563267917e-12 0.752107004796 -9.62328484853e-13 3.06952930666e-12 1.47844091531
-3.93411508761e-13 -1.17523954786e-12 -1.05458726829 4.43752971014e-12 1.5769949467e-12 0.753904711655 -9.47684108916e-13 3.1346911034e-12 1.47918186073
-3.98292967391e-13 -1.20691226787e-12 -1.07162082324 4.48889854816e-12 1.57960595946e-12 0.755679987788 -9.28498841221e-13 3.20484788108e-12 1.47997355299
-4.04082604372e-13 -1.23625778086e-12 -1.08868614789 4.54128908682e-12 1.58340895631e-12 0.757427069123 -9.13570659549e-13 3.27097461732e-12 1.4808198445
-4.07658556621e-13 -1.26446807091e-12 -1.10578154423 4.59759614463e-12 1.59158256147e-12 0.759140594916 -8.95180047912e-13 3.33704459241e-12 1.48172426701
-4.12426492957e-13 -1.29721925271e-12 -1.12290538786 4.65475461964e-12 1.59566936406e-12 0.760815660111 -8.71056560429e-13 3.40634995288e-12 1.48268997867
-4.14526655385e-13 -1.3283811224e-12 -1.14005612675 4.71236718383e-12 1.60355916349e-12 0.76244786309 -8.48579146207e-13 3.47610940253e-12 1.4837197154
-4.20883903836e-13 -1.35664817359e-12 -1.15723227979 4.76839043591e-12 1.61530872091e-12 0.764033348048 -8.29564161952e-13 3.54825282035e-12 1.48481574731
-4.26673540818e-13 -1.3856531197e-12 -1.17443243511 4.82901134088e-12 1.63262087074e-12 0.765568841304 -8.07994926081e-13 3.6197151044e-12 1.48597984098
-4.29965687332e-13 -1.41868810724e-12 -1.19165524827 4.89184593059e-12 1.65191966071e-12 0.767051680947 -7.9403168391e-13 3.69202880566e-12 1.48721322813
-4.25992407032e-13 -1.45410706295e-12 -1.20889944031 4.9528641636e-12 1.67150225642e-12 0.768479839298 -7.7967111371e-13 3.7676914146e-12 1.48851658128
-4.20089247735e-13 -1.48629063328e-12 -1.22616379564 5.0121795622e-12 1.69307149227e-12 0.769851937829 -7.69794674121e-13 3.83501013492e-12 1.48988999679
-4.18102607579e-13 -1.5131386558e-12 -1.24344715988 5.07240313914e-12 1.71708145744e-12 0.771167254304 -7.5583143195e-13 3.90749411963e-12 1.49133298546
-4.13675238103e-13 -1.53856764965e-12 -1.26074843768 5.13398898362e-12 1.74114818376e-12 0.772425722035 -7.35510941317e-13 3.97929697057e-12 1.49284447094
-4.11120986478e-13 -1.56178295876e-12 -1.27806659037 5.19773175169e-12 1.76481758205e-12 0.773627921341 -7.10763081218e-13 4.04945374825e-12 1.49442279576
-4.05161066034e-13 -1.58976620421e-12 -1.29540063373 5.26011225222e-12 1.78661386248e-12 0.774775063416 -6.84312386708e-13 4.11921319789e-12 1.49606573489
-3.97100983151e-13 -1.61950904523e-12 -1.31274963566 5.33219890889e-12 1.81039678306e-12 0.775868966959 -6.62062017075e-13 4.18522641184e-12 1.49777051649
-3.9579547676e-13 -1.64476775563e-12 -1.33011271392 5.39997171839e-12 1.83094431827e-12 0.776912028064 -6.37200634682e-13 4.24817452385e-12 1.49953384926
-3.91084301549e-13 -1.66605318575e-12 -1.34748903386 5.46416857563e-12 1.84757533433e-12 0.777907183972 -6.13020386052e-13 4.31333632059e-12 1.50135195603
-3.85975798309e-13 -1.69034695665e-12 -1.36487780618 5.53409830872e-12 1.86153857648e-12 0.778857871384 -5.88045481366e-13 4.38150645813e-12 1.50322061265
-3.77404865104e-13 -1.71356226576e-12 -1.38227828483 5.59971419463e-12 1.8705068377e-12 0.779767980105 -5.64319321915e-13 4.44837108928e-12 1.50513519168
-3.74339763156e-13 -1.73025004297e-12 -1.39968976483 5.66680587036e-12 1.87686408616e-12 0.780641802842 -5.36392837587e-13 4.51671151025e-12 1.50709070981
-3.7048000515e-13 -1.74960559409e-12 -1.41711158025 5.73105948875e-12 1.88310781232e-12 0.781483981989 -5.11020604873e-13 4.58788998858e-12 1.50908187849
-3.67187858614e-13 -1.77310470893e-12 -1.43454310225 5.79894582054e-12 1.88395922952e-12 0.782299454256 -4.89167563274e-13 4.65912522805e-12 1.51110315663
-3.62930772579e-13 -1.80012301489e-12 -1.45198373718 5.86592397398e-12 1.88577558622e-12 0.783093393957 -4.68165938878e-13 4.72933876687e-12 1.5131488048
-3.59468342602e-13 -1.8299793782e-12 -1.46943292471 5.93653484083e-12 1.88242667854e-12 0.783871155742 -4.47731925953e-13 4.79790623243e-12 1.51521294003
-3.52997571835e-13 -1.85773557907e-12 -1.48689013615 6.01355971729e-12 1.88293752886e-12 0.784638217506 -4.23381393886e-13 4.86386268524e-12 1.51728959052
-3.38182912461e-13 -1.8890677322e-12 -1.50435487274 6.09103868292e-12 1.88412951294e-12 0.785400124132 -3.97668594291e-13 4.93123816671e-12 1.51937274958
-3.23992625704e-13 -1.92079721336e-12 -1.52182666405 6.16721214217e-12 1.89105437287e-12 0.786162432667 -3.65030934764e-13 4.99015623729e-12 1.5214564283
-3.12697157443e-13 -1.95071033781e-12 -1.53930506653 6.24940228301e-12 1.89673048756e-12 0.78693065942 -3.3046339624e-13 5.0427170594e-12 1.52353470633
-3.04693835708e-13 -1.98192896865e-12 -1.556789662 6.33488457036e-12 1.9043932424e-12 0.787710229432 -2.9975561571e-13 5.09187221269e-12 1.52560178044
-2.94647112681e-13 -2.01201237655e-12 -1.57428005633 6.41179592453e-12 1.91585899409e-12 0.788506428638 -2.71602086795e-13 5.13767845831e-12 1.52765201046
-2.79945975601e-13 -2.04232282903e-12 -1.59177587812 6.49330493159e-12 1.92403259925e-12 0.789324359002 -2.51281596164e-13 5.18728770078e-12 1.52967996238
-2.66266539167e-13 -2.06951141843e-12 -1.60927677752 6.57873045781e-12 1.92970871394e-12 0.790168896821 -2.37772443172e-13 5.23632933178e-12 1.53168044834
-2.50203134559e-13 -2.09755142504e-12 -1.62678242502 6.66154497125e-12 1.93197915981e-12 0.791044654324 -2.2329835068e-13 5.28457630672e-12 1.5336485635
-2.37204831889e-13 -2.12729426605e-12 -1.64429251038 6.74645964714e-12 1.93413608339e-12 0.791955944641 -2.0672409575e-13 5.33202862561e-12 1.53557971955
-2.26476975098e-13 -2.15295030448e-12 -1.66180674159 6.82950120518e-12 1.92936814704e-12 0.792906750172 -1.8827672297e-13 5.37669964829e-12 1.537469675
-2.15862640601e-13 -2.17656294162e-12 -1.6793248439 6.9146996868e-12 1.92953843048e-12 0.79390069435 -1.66593964811e-13 5.41881641936e-12 1.53931456209
-2.04680694634e-13 -2.201424324e-12 -1.69684655886 7.0022821366e-12 1.92692741771e-12 0.794941016747 -1.42981327656e-13 5.46121699617e-12 1.54111091053
-1.95315105371e-13 -2.22662627325e-12 -1.71437164348 7.09451900045e-12 1.92363527119e-12 0.796030551471 -1.16473872004e-13 5.50560421311e-12 1.54285566796
-1.85892754961e-13 -2.25103356645e-12 -1.73189986937 7.18851545985e-12 1.92221624251e-12 0.797171708777 -8.67877921207e-14 5.54550729945e-12 1.54454621732
-1.74710808994e-13 -2.2726028023e-12 -1.74943102197 7.27916301158e-12 1.92397583806e-12 0.798366459814 -5.52285943884e-14 5.58308317876e-12 1.54618039115
-1.58590643239e-13 -2.30047252546e-12 -1.76696489981 7.36333979256e-12 1.92465697182e-12 0.799616324428 -2.06610558648e-14 5.62275922051e-12 1.54775648289
-1.3917833096e-13 -2.33135058942e-12 -1.78450131379 7.44876531877e-12 1.92250004823e-12 0.800922361953 1.60634062449e-14 5.66334344061e-12 1.54927325532
-1.2447719388e-13 -2.37136719803e-12 -1.80204008651 7.52862825258e-12 1.92005931891e-12 0.802285164918 5.77828492889e-14 5.7030762435e-12 1.55072994609
-1.13068203325e-13 -2.4170031602e-12 -1.81958105165 7.61036430423e-12 1.91886733482e-12 0.803704855629 9.95022923336e-14 5.7399142279e-12 1.55212627043
-1.02170063093e-13 -2.46076600452e-12 -1.83712405336 7.68784326987e-12 1.92085397496e-12 0.805181085596 1.41732585701e-13 5.77720630148e-12 1.55346242118
-9.3428846447e-14 -2.50401799852e-12 -1.85466894569 7.76401672912e-12 1.92153510871e-12 0.806713037775 1.84416968244e-13 5.81370371899e-12 1.55473906592
-7.79898144564e-14 -2.54358051796e-12 -1.87221559205 7.83672775841e-12 1.91920790168e-12 0.808299431642 2.26987828492e-13 5.8494632416e-12 1.55595734144
-7.04405818965e-14 -2.58779745146e-12 -1.88976386467 7.90745214755e-12 1.91557518827e-12 0.809938531105 2.68707271534e-13 5.87886551574e-12 1.55711884538
-5.75558015202e-14 -2.63127649004e-12 -1.90731364414 7.97755216408e-12 1.90870708948e-12 0.811628155285 3.14059427984e-13 5.90605410515e-12 1.55822562503
-4.56359606426e-14 -2.67464200633e-12 -1.92486481894 8.04021647035e-12 1.90501761493e-12 0.813365692222 3.59468345579e-13 5.93415087291e-12 1.55928016332
-2.97428394761e-14 -2.71823456721e-12 -1.94241728495 8.10151850909e-12 1.89888741105e-12 0.81514811553 4.04650218588e-13 5.96673177129e-12 1.56028536186
-1.37929571627e-14 -2.76324615677e-12 -1.95997094508 8.16372872619e-12 1.89446004158e-12 0.816972004081 4.51875492888e-13 5.99528262822e-12 1.561244521
-2.5542500489e-15 -2.81387709987e-12 -1.97752570885 8.22701740508e-12 1.88770546509e-12 0.818833564745 4.96660037869e-13 6.02332263484e-12 1.56216131692
6.64105577347e-15 -2.86524593789e-12 -1.99508149198 8.28604899794e-12 1.88395922938e-12 0.820728658241 5.38265958617e-13 6.05283843127e-12 1.56303977564
2.00366864727e-14 -2.91071161661e-12 -2.01263821604 8.34190196658e-12 1.88986238867e-12 0.8226528281 5.75103943018e-13 6.0825812723e-12 1.56388424391
2.89481865601e-14 -2.95192020932e-12 -2.03019580813 8.39400869951e-12 1.89576554795e-12 0.824601332769 6.14496179034e-13 6.11067804006e-12 1.56469935711
3.93354764691e-14 -2.99193681794e-12 -2.04775420048 8.44112045151e-12 1.89843332185e-12 0.826569180785 6.54739832254e-13 6.14059116452e-12 1.56549000402
5.07444670239e-14 -3.04148929925e-12 -2.06531333019 8.49061617168e-12 1.89877388873e-12 0.82855116897 6.92372472713e-13 6.1693123049e-12 1.56626128867
6.16426072558e-14 -3.09563943347e-12 -2.08287313891 8.54033893644e-12 1.90047672314e-12 0.830541923513 7.351136164e-13 6.19939571281e-12 1.56701848928
7.64005054826e-14 -3.15171944668e-12 -2.10043357255 8.58671279353e-12 1.89968206708e-12 0.832535943753 7.7836561041e-13 6.22902503154e-12 1.56776701466
8.82635852132e-14 -3.2068345204e-12 -2.117994581 8.63569766337e-12 1.8992279779e-12 0.83452764844 8.19233636247e-13 6.25490811457e-12 1.56851235798
1.04270228674e-13 -3.26614991899e-12 -2.13555611789 8.68451224978e-12 1.89809275496e-12 0.836511424143 8.58455588821e-13 6.28283459889e-12 1.5692600486
1.21014767045e-13 -3.32580588447e-12 -2.15311814034 8.73803801139e-12 1.89979558936e-12 0.838481675441 8.98585719747e-13 6.30724189209e-12 1.57001560201
1.36510560182e-13 -3.37984249639e-12 -2.17068060869 8.78889599909e-12 1.89831979954e-12 0.840432876455 9.41667430317e-13 6.33607655477e-12 1.57078446853
1.51779308732e-13 -3.43734153828e-12 -2.18824348636 8.84117301546e-12 1.89667372627e-12 0.842359623177 9.87984526264e-13 6.36496797858e-12 1.57157198118
1.66026356636e-13 -3.49478381902e-12 -2.20580673956 8.89776387901e-12 1.88889744913e-12 0.844256686048 1.04247522738e-12 6.38858061573e-12 1.57238330333
1.81351866333e-13 -3.55409921762e-12 -2.22337033712 8.95509263746e-12 1.87862368153e-12 0.846119062113 1.09594422784e-12 6.40651713818e-12 1.57322337677
2.00026283701e-13 -3.61562830094e-12 -2.24093425033 9.01809751062e-12 1.87328813371e-12 0.847942026094 1.14929970601e-12 6.42768904601e-12 1.57409687087
2.18530417629e-13 -3.679371069e-12 -2.25849845275 9.0805347723e-12 1.85847347434e-12 0.84972117964 1.19970360454e-12 6.45079083284e-12 1.57500813352
2.38623863672e-13 -3.75242266516e-12 -2.27606292001 9.14512895757e-12 1.84121808566e-12 0.851452498027 1.25124272601e-12 6.48019310698e-12 1.57596114464
2.6371229065e-13 -3.82814203523e-12 -2.29362762971 9.20682832435e-12 1.81919476063e-12 0.853132373568 1.30346298124e-12 6.50766550213e-12 1.57695947296
2.93511892828e-13 -3.90783468559e-12 -2.31119256126 9.26415708281e-12 1.79859046427e-12 0.854757655024 1.3606782174e-12 6.53530818072e-12 1.57800623672
3.23935867622e-13 -3.98451899516e-12 -2.32875769572 9.32330219797e-12 1.77219653093e-12 0.856325682326 1.41959628798e-12 6.56272381472e-12 1.57910406906
3.56232960267e-13 -4.06585771879e-12 -2.34632301569 9.38942893421e-12 1.73501797965e-12 0.85783431601 1.47840083626e-12 6.59416949015e-12 1.5802550887
3.87962441442e-13 -4.14498275768e-12 -2.36388850521 9.45657737109e-12 1.69795295067e-12 0.859281960824 1.53408352146e-12 6.62516107641e-12 1.58146087629
4.18386416236e-13 -4.22240496216e-12 -2.3814541496 9.52287439077e-12 1.6569146414e-12 0.860667583073 1.5917528468e-12 6.66131792705e-12 1.58272245709
4.44553305007e-13 -4.30096238958e-12 -2.39901993542 9.58849027669e-12 1.61984961242e-12 0.86199072139 1.64840047149e-12 6.69270684134e-12 1.58404029015
4.69528209691e-13 -4.37804402718e-12 -2.41658585034 9.6589308601e-12 1.58000328723e-12 0.863251490724 1.70005311526e-12 6.72863664739e-12 1.58541426414
4.95751859608e-13 -4.45830428901e-12 -2.43415188303 9.72596577469e-12 1.54248416907e-12 0.864450579488 1.74988940231e-12 6.76547463179e-12 1.5868437001
5.22826926731e-13 -4.53799693937e-12 -2.45171802313 9.7974848199e-12 1.50252432159e-12 0.865589239932 1.80267726901e-12 6.79975836458e-12 1.58832736081
5.47461264533e-13 -4.61558942729e-12 -2.46928426115 9.8737150403e-12 1.459045283e-12 0.866669271934 1.85773558159e-12 6.83302039672e-12 1.58986346675
5.80042162912e-13 -4.68466774316e-12 -2.48685058837 9.94960469382e-12 1.41704203423e-12 0.867693000542 1.91148838779e-12 6.86588510083e-12 1.59144971828
6.08025408386e-13 -4.75391634248e-12 -2.50441699683 1.00253808251e-11 1.37464145743e-12 0.868663247682 1.96228961435e-12 6.90136081771e-12 1.59308332354
6.35838370419e-13 -4.82157562968e-12 -2.52198347923 1.01018948512e-11 1.33036776278e-12 0.869583298579 2.01331788549e-12 6.93723386261e-12 1.59476103168
6.63935138187e-13 -4.89757880549e-12 -2.5395500289 1.01813036958e-11 1.28274516046e-12 0.87045686349 2.06258656108e-12 6.97112026737e-12 1.59647917073
6.88626237136e-13 -4.97653356094e-12 -2.55711663971 1.02590097061e-11 1.2358036919e-12 0.871288035424 2.11327426534e-12 7.00756092374e-12 1.59823368943
7.08492638592e-13 -5.0523664533e-12 -2.57468330609 1.03360345825e-11 1.18613768829e-12 0.872081244563 2.16759468301e-12 7.04207170111e-12 1.60002020237
7.26372399903e-13 -5.12643975011e-12 -2.59225002291 1.04122080418e-11 1.13789071335e-12 0.8728412101 2.22412878541e-12 7.07851235749e-12 1.60183403767
7.49757992471e-13 -5.19778851186e-12 -2.60981678551 1.04917304087e-11 1.09475224163e-12 0.873572890246 2.27646256293e-12 7.11756402662e-12 1.60367028655
7.69227065898e-13 -5.26204213024e-12 -2.62738358961 1.05688688075e-11 1.04849190684e-12 0.874281431099 2.32942071308e-12 7.15548047282e-12 1.60552385396
7.86085126563e-13 -5.32550109257e-12 -2.64495043131 1.06517968432e-11 1.00064225993e-12 0.874972115069 2.37806501605e-12 7.19158056231e-12 1.6073895097
8.04305454756e-13 -5.3878815931e-12 -2.66251730703 1.07402307102e-11 9.46832692584e-13 0.875650309487 2.43363417895e-12 7.23063223144e-12 1.60926193935
8.2156084345e-13 -5.45582468603e-12 -2.68008421354 1.08290619053e-11 8.91093246243e-13 0.87632141597 2.48619500106e-12 7.26979742287e-12 1.6111357945
8.43300362755e-13 -5.52138381079e-12 -2.69765114785 1.09188580398e-11 8.32345459111e-13 0.876990821076 2.53546367665e-12 7.31361702835e-12 1.61300574161
8.63223525358e-13 -5.58841872538e-12 -2.71521810726 1.10074621902e-11 7.74449089184e-13 0.877663848668 2.58285923439e-12 7.35965031857e-12 1.61486650931
8.83771060577e-13 -5.65954044254e-12 -2.73278508929 1.10901631814e-11 7.14793123701e-13 0.878345714392 2.62872224115e-12 7.40727292089e-12 1.61671293348
9.07156653145e-13 -5.73134329347e-12 -2.75035209169 1.11767239306e-11 6.54853352483e-13 0.879041482559 2.67719626068e-12 7.45710920796e-12 1.61854000006
9.32415363564e-13 -5.80280557752e-12 -2.76791911242 1.12635684855e-11 5.92075523915e-13 0.879756025682 2.72720283118e-12 7.5016099472e-12 1.62034288516
9.5245204846e-13 -5.87290559404e-12 -2.78548614961 1.13475182218e-11 5.33952109401e-13 0.880493986856 2.7833963667e-12 7.54855141577e-12 1.62211699238
9.71239988123e-13 -5.94323265515e-12 -2.80305320156 1.1427494678e-11 4.77872096178e-13 0.881259745099 2.83976018566e-12 7.5923142601e-12 1.62385798719
9.88552137964e-13 -6.0155463564e-12 -2.82062026673 1.15075278952e-11 4.31271194501e-13 0.882057383744 2.89777007789e-12 7.63573653755e-12 1.6255618283
1.00234509669e-12 -6.08746272962e-12 -2.83818734371 1.15875043513e-11 3.85124381999e-13 0.882890661921 2.95788013255e-12 7.67626399651e-12 1.62722479596
1.02096275291e-12 -6.16204687676e-12 -2.85575443125 1.16644157055e-11 3.38693763763e-13 0.883762989127 3.01679820312e-12 7.71599679941e-12 1.62884351719
1.03975069258e-12 -6.23623369586e-12 -2.87332152818 1.17403621202e-11 2.96974320726e-13 0.884677402877 3.07548922911e-12 7.75334563413e-12 1.63041498794
1.05303280098e-12 -6.31127193217e-12 -2.89088863346 1.18169329074e-11 2.54687266219e-13 0.885636549396 3.13491815001e-12 7.79483803259e-12 1.63193659233
1.06671223742e-12 -6.38335858883e-12 -2.90845574616 1.18952632903e-11 2.13365151211e-13 0.886642667294 3.20076108052e-12 7.83797650431e-12 1.63340611879
1.08147013564e-12 -6.45595609582e-12 -2.92602286542 1.19747288961e-11 1.78457045812e-13 0.887697574188 3.27193955884e-12 7.88134202061e-12 1.63482177339
1.09486576634e-12 -6.52991587033e-12 -2.94358999047 1.20533430846e-11 1.44116551883e-13 0.888802656194 3.34584257222e-12 7.92385611971e-12 1.63618219027
1.10968042572e-12 -6.60109434865e-12 -2.96115712062 1.21350223752e-11 1.14260188565e-13 0.889958860264 3.41458032123e-12 7.95984268691e-12 1.63748643926
1.13022796093e-12 -6.67460003398e-12 -2.97872425524 1.22189153504e-11 9.03637456797e-14 0.891166689296 3.48223960844e-12 7.99997281784e-12 1.63873403077
1.15480553759e-12 -6.74657316835e-12 -2.99629139378 1.229906209e-11 7.06108665241e-14 0.892426200013 3.54910423959e-12 8.03459711751e-12 1.63992491793
1.18091566521e-12 -6.81797869126e-12 -3.01385853574 1.23804575747e-11 5.76693250058e-14 0.893737003565 3.61693381024e-12 8.06655364327e-12 1.64105949595
1.21088555083e-12 -6.88898688613e-12 -3.03142568066 1.246435055e-11 4.26276210495e-14 0.895098268865 3.68453633631e-12 8.09686409577e-12 1.64213859894
1.2399472581e-12 -6.95664617333e-12 -3.04899282814 1.25492084647e-11 2.48046208913e-14 0.896508728651 3.75951781148e-12 8.12365535716e-12 1.64316349381
1.27139293354e-12 -7.02844902426e-12 -3.06655997782 1.2631966217e-11 2.66777356206e-15 0.897966688294 3.8327396911e-12 8.14982224593e-12 1.64413587164
1.29880856754e-12 -7.09877608536e-12 -3.08412712939 1.27108642113e-11 -2.9118468754e-14 0.899470037375 3.90868610577e-12 8.17366192767e-12 1.64505783619
1.32752970793e-12 -7.17108978662e-12 -3.10169428256 1.27912947566e-11 -5.8974832073e-14 0.901016264067 3.99036539629e-12 8.19403917945e-12 1.64593188965
1.35693198208e-12 -7.24856875224e-12 -3.11926143707 1.28696819006e-11 -8.67877941004e-14 0.902602472344 4.06875254028e-12 8.21736801088e-12 1.64676091558
1.38548283902e-12 -7.32394755543e-12 -3.13682859272 1.29427334968e-11 -1.15225128745e-13 0.904225402064 4.14628826706e-12 8.23831287412e-12 1.64754815905
1.41323903991e-12 -7.39245825984e-12 -3.15439574929 1.30103360228e-11 -1.39916227689e-13 0.905881451937 4.22325638238e-12 8.26618259731e-12 1.64829720382
1.43946268982e-12 -7.46301236553e-12 -3.17196290661 1.30775412209e-11 -1.63018014517e-13 0.9075667054 4.30391397225e-12 8.29269005296e-12 1.64901194673
1.47102188756e-12 -7.53010404126e-12 -3.18953006455 1.31404893329e-11 -1.86176562492e-13 0.909276959379 4.38553650162e-12 8.31931103091e-12 1.64969656915
1.50320545791e-12 -7.60009053549e-12 -3.20709722295 1.31955476455e-11 -2.08370170969e-13 0.911007755922 4.46301546726e-12 8.34190196742e-12 1.65035550562
