0.0 0.0 0.0 0.0 0.0 0.7414 0.0 0.0 2.0
0.0 0.0 6.39610597903e-06 0.0 0.0 0.741376710541 0.0 0.0 1.99001689345
0.0 0.0 1.87742048828e-05 0.0 0.0 0.741330126968 0.0 0.0 1.98005109912
0.0 0.0 3.66897098304e-05 0.0 0.0 0.741260267118 0.0 0.0 1.97010304377
0.0 0.0 5.9667197613e-05 0.0 0.0 0.741167171532 0.0 0.0 1.96017316228
0.0 0.0 8.72000475552e-05 0.0 0.0 0.741050903666 0.0 0.0 1.95026189783
0.0 0.0 0.000118750082069 0.0 0.0 0.740911550095 0.0 0.0 1.94036970202
0.0 0.0 0.000153747209268 0.0 0.0 0.7407492207 0.0 0.0 1.93049703508
0.0 0.0 0.000191589068065 0.0 0.0 0.740564048855 0.0 0.0 1.92064436599
0.0 0.0 0.000231640676244 0.0 0.0 0.740356191594 0.0 0.0 1.91081217272
0.0 0.0 0.000273234082041 0.0 0.0 0.740125829771 0.0 0.0 1.90100094236
0.0 0.0 0.00031566801985 0.0 0.0 0.73987316821 0.0 0.0 1.89121117137
0.0 0.0 0.000358207570731 0.0 0.0 0.739598435833 0.0 0.0 1.88144336575
0.0 0.0 0.000400083828474 0.0 0.0 0.739301885778 0.0 0.0 1.87169804129
0.0 0.0 0.000440493572057 0.0 0.0 0.738983795504 0.0 0.0 1.86197572374
0.0 0.0 0.000478598945433 0.0 0.0 0.738644466867 0.0 0.0 1.85227694914
0.0 0.0 0.000513527145682 0.0 0.0 0.738284226185 0.0 0.0 1.84260226396
0.0 0.0 0.00054437012068 0.0 0.0 0.737903424277 0.0 0.0 1.83295222545
0.0 0.0 0.000570184277589 0.0 0.0 0.737502436472 0.0 0.0 1.8233274019
0.0 0.0 0.0005899902036 0.0 0.0 0.737081662601 0.0 0.0 1.81372837289
0.0 0.0 0.000602772400559 0.0 0.0 0.736641526942 0.0 0.0 1.80415572966
0.0 0.0 0.000607479035312 0.0 0.0 0.736182478143 0.0 0.0 1.79461007541
0.0 0.0 0.000603021707814 0.0 0.0 0.735704989094 0.0 0.0 1.78509202566
0.0 0.0 0.000588275239365 0.0 0.0 0.735209556759 0.0 0.0 1.77560220864
0.0 0.0 0.000562077483599 0.0 0.0 0.734696701954 0.0 0.0 1.76614126571
0.0 0.0 0.000523229163253 0.0 0.0 0.734166969064 0.0 0.0 1.75670985176
0.0 0.0 0.00047049373613 0.0 0.0 0.733620925693 0.0 0.0 1.74730863576
0.0 0.0 0.000402597294157 0.0 0.0 0.733059162241 0.0 0.0 1.73793830124
0.0 0.0 0.000318228499965 0.0 0.0 0.732482291385 0.0 0.0 1.72859954686
0.0 0.0 0.000216038566026 0.0 0.0 0.73189094747 0.0 0.0 1.7192930871
0.0 0.0 9.4641282081e-05 0.0 0.0 0.731285785778 0.0 0.0 1.71001965291
0.0 0.0 -4.73869043362e-05 0.0 0.0 0.730667481676 0.0 0.0 1.70077999248
0.0 0.0 -0.000211506738856 0.0 0.0 0.730036729611 0.0 0.0 1.69157487214
0.0 0.0 -0.000399215950327 0.0 0.0 0.729394241943 0.0 0.0 1.68240507728
0.0 0.0 -0.000612048955626 0.0 0.0 0.728740747598 0.0 0.0 1.67327141341
0.0 0.0 -0.000851576475965 0.0 0.0 0.7280769905 0.0 0.0 1.66417470735
0.0 0.0 -0.00111940505226 0.0 0.0 0.727403727783 0.0 0.0 1.65511580853
0.0 0.0 -0.00141717644738 0.0 0.0 0.726721727735 0.0 0.0 1.64609559044
0.0 0.0 -0.00174656692167 0.0 0.0 0.726031767454 0.0 0.0 1.63711495226
0.0 0.0 -0.00210928636759 0.0 0.0 0.725334630196 0.0 0.0 1.62817482065
0.0 0.0 -0.00250707728823 0.0 0.0 0.724631102363 0.0 0.0 1.61927615172
0.0 0.0 -0.00294171360408 0.0 0.0 0.723921970129 0.0 0.0 1.61041993323
0.0 0.0 -0.00341499927197 0.0 0.0 0.723208015651 0.0 0.0 1.601607187
0.0 0.0 -0.00392876670035 0.0 0.0 0.722490012856 0.0 0.0 1.59283897151
0.0 0.0 -0.00448487494542 0.0 0.0 0.721768722766 0.0 0.0 1.5841163848
0.0 0.0 -0.00508520767398 0.0 0.0 0.721044888355 0.0 0.0 1.57544056757
0.0 0.0 -0.00573167088063 0.0 0.0 0.720319228913 0.0 0.0 1.56681270651
0.0 0.0 -0.0064261903491 0.0 0.0 0.71959243392 0.0 0.0 1.55823403792
0.0 0.0 -0.00717070885132 0.0 0.0 0.718865156426 0.0 0.0 1.54970585151
0.0 0.0 -0.0079671830812 0.0 0.0 0.718138005951 0.0 0.0 1.54122949444
0.0 0.0 -0.00881758032502 0.0 0.0 0.717411540935 0.0 0.0 1.53280637552
0.0 0.0 -0.00972387487552 0.0 0.0 0.716686260769 0.0 0.0 1.52443796963
0.0 0.0 -0.0106880442022 0.0 0.0 0.715962597455 0.0 0.0 1.5161258222
0.0 0.0 -0.0117120648959 0.0 0.0 0.715240906961 0.0 0.0 1.50787155382
0.0 0.0 -0.0127979084125 0.0 0.0 0.714521460345 0.0 0.0 1.49967686484
0.0 0.0 -0.0139475366437 0.0 0.0 0.713804434736 0.0 0.0 1.49154353997
0.0 0.0 -0.0151628973501 0.0 0.0 0.713089904256 0.0 0.0 1.48347345281
0.0 0.0 -0.0164459194938 0.0 0.0 0.712377831006 0.0 0.0 1.47546857015
0.0 0.0 -0.0177985085122 0.0 0.0 0.711668056212 0.0 0.0 1.46753095616
0.0 0.0 -0.0192225415747 0.0 0.0 0.71096029165 0.0 0.0 1.45966277617
0.0 0.0 -0.0207198628655 0.0 0.0 0.710254111466 0.0 0.0 1.45186630017
0.0 0.0 -0.022292278935 0.0 0.0 0.709548944508 0.0 0.0 1.44414390579
0.0 0.0 -0.0239415541607 0.0 0.0 0.708844067285 0.0 0.0 1.43649808085
0.0 0.0 -0.025669406354 0.0 0.0 0.708138597656 0.0 0.0 1.42893142525
0.0 0.0 -0.0274775025493 0.0 0.0 0.707431489365 0.0 0.0 1.42144665223
0.0 0.0 -0.0293674550035 0.0 0.0 0.70672152752 0.0 0.0 1.41404658888
0.0 0.0 -0.0313408174331 0.0 0.0 0.706007325105 0.0 0.0 1.4067341759
0.0 0.0 -0.0333990815093 0.0 0.0 0.70528732062 0.0 0.0 1.3995124664
0.0 0.0 -0.0355436736284 0.0 0.0 0.704559776934 0.0 0.0 1.39238462388
0.0 0.0 -0.037775951969 0.0 0.0 0.703822781411 0.0 0.0 1.38535391912
0.0 0.0 -0.0400972038456 0.0 0.0 0.703074247405 0.0 0.0 1.37842372604
0.0 0.0 -0.0425086433607 0.0 0.0 0.702311917154 0.0 0.0 1.37159751648
0.0 0.0 -0.0450114093597 0.0 0.0 0.701533366164 0.0 0.0 1.36487885375
0.0 0.0 -0.0476065636834 0.0 0.0 0.700736009093 0.0 0.0 1.35827138501
0.0 0.0 -0.0502950897161 0.0 0.0 0.699917107203 0.0 0.0 1.35177883236
0.0 0.0 -0.0530778912249 0.0 0.0 0.69907377739 0.0 0.0 1.34540498266
0.0 0.0 -0.0559557914656 0.0 0.0 0.698203002814 0.0 0.0 1.33915367599
0.0 0.0 -0.0589295325804 0.0 0.0 0.697301645133 0.0 0.0 1.33302879282
0.0 0.0 -0.061999775231 0.0 0.0 0.696366458323 0.0 0.0 1.32703423982
0.0 0.0 -0.0651670984967 0.0 0.0 0.695394104057 0.0 0.0 1.3211739344
0.0 0.0 -0.0684319999916 0.0 0.0 0.694381168597 0.0 0.0 1.31545178789
0.0 0.0 -0.0717948962087 0.0 0.0 0.693324181124 0.0 0.0 1.30987168761
0.0 0.0 -0.0752561230675 0.0 0.0 0.692219633411 0.0 0.0 1.3044374777
0.0 0.0 -0.0788159366528 0.0 0.0 0.691064000735 0.0 0.0 1.29915293897
0.0 0.0 -0.0824745141301 0.0 0.0 0.689853763861 0.0 0.0 1.2940217678
0.0 0.0 -0.086231954824 0.0 0.0 0.688585431958 0.0 0.0 1.28904755437
0.0 0.0 -0.090088281443 0.0 0.0 0.687255566226 0.0 0.0 1.28423376017
0.0 0.0 -0.0940434414397 0.0 0.0 0.685860804034 0.0 0.0 1.2795836953
0.0 0.0 -0.0980973084893 0.0 0.0 0.68439788331 0.0 0.0 1.27510049549
0.0 0.0 -0.102249684075 0.0 0.0 0.682863666933 0.0 0.0 1.27078709936
0.0 0.0 -0.106500299165 0.0 0.0 0.681255166829 0.0 0.0 1.26664622595
0.0 0.0 -0.110848815972 0.0 0.0 0.679569567499 0.0 0.0 1.26268035298
0.0 0.0 -0.115294829779 0.0 0.0 0.677804248651 0.0 0.0 1.25889169602
0.0 0.0 -0.11983787082 0.0 0.0 0.675956806654 0.0 0.0 1.25528218894
0.0 0.0 -0.124477406211 0.0 0.0 0.674025074504 0.0 0.0 1.25185346586
0.0 0.0 -0.12921284191 0.0 0.0 0.672007140027 0.0 0.0 1.24860684492
0.0 0.0 -0.134043524711 0.0 0.0 0.669901362038 0.0 0.0 1.2455433141
0.0 0.0 -0.138968744248 0.0 0.0 0.667706384235 0.0 0.0 1.24266351934
0.0 0.0 -0.143987735014 0.0 0.0 0.665421146613 0.0 0.0 1.23996775514
0.0 0.0 -0.149099678381 0.0 0.0 0.66304489423 0.0 0.0 1.23745595781
0.0 0.0 -0.154303704618 0.0 0.0 0.660577183218 0.0 0.0 1.23512770149
0.0 0.0 -0.159598894899 0.0 0.0 0.658017883943 0.0 0.0 1.23298219701
0.0 0.0 -0.164984283304 0.0 0.0 0.655367181317 0.0 0.0 1.23101829351
0.0 0.0 -0.170458858797 0.0 0.0 0.652625572264 0.0 0.0 1.22923448306
0.0 0.0 -0.176021567189 0.0 0.0 0.64979386044 0.0 0.0 1.22762890779
0.0 0.0 -0.181671313088 0.0 0.0 0.64687314831 0.0 0.0 1.22619936987
0.0 0.0 -0.187406961814 0.0 0.0 0.643864826768 0.0 0.0 1.22494334371
0.0 0.0 -0.193227341301 0.0 0.0 0.640770562494 0.0 0.0 1.22385799057
0.0 0.0 -0.199131243976 0.0 0.0 0.637592283289 0.0 0.0 1.22294017508
0.0 0.0 -0.205117428614 0.0 0.0 0.634332161647 0.0 0.0 1.22218648352
0.0 0.0 -0.211184622171 0.0 0.0 0.63099259685 0.0 0.0 1.22159324356
0.0 0.0 -0.217331521603 0.0 0.0 0.62757619587 0.0 0.0 1.22115654518
0.0 0.0 -0.223556795657 0.0 0.0 0.624085753382 0.0 0.0 1.22087226247
0.0 0.0 -0.229859086657 0.0 0.0 0.620524231158 0.0 0.0 1.22073607596
0.0 0.0 -0.23623701226 0.0 0.0 0.616894737151 0.0 0.0 1.22074349537
0.0 0.0 -0.242689167209 0.0 0.0 0.613200504509 0.0 0.0 1.22088988228
0.0 0.0 -0.249214125072 0.0 0.0 0.609444870781 0.0 0.0 1.22117047272
0.0 0.0 -0.255810439962 0.0 0.0 0.605631257541 0.0 0.0 1.22158039922
0.0 0.0 -0.262476648256 0.0 0.0 0.601763150617 0.0 0.0 1.22211471233
0.0 0.0 -0.269211270302 0.0 0.0 0.597844081112 0.0 0.0 1.22276840129
0.0 0.0 -0.276012812114 0.0 0.0 0.593877607358 0.0 0.0 1.22353641378
0.0 0.0 -0.282879767065 0.0 0.0 0.589867297921 0.0 0.0 1.22441367461
0.0 0.0 -0.289810617573 0.0 0.0 0.585816715757 0.0 0.0 1.22539510323
0.0 0.0 -0.296803836773 0.0 0.0 0.581729403575 0.0 0.0 1.22647563006
0.0 0.0 -0.303857890191 0.0 0.0 0.577608870475 0.0 0.0 1.22765021154
0.0 0.0 -0.310971237405 0.0 0.0 0.573458579857 0.0 0.0 1.22891384382
0.0 0.0 -0.318142333699 0.0 0.0 0.569281938631 0.0 0.0 1.23026157529
0.0 0.0 -0.325369631705 0.0 0.0 0.565082287704 0.0 0.0 1.23168851766
0.0 0.0 -0.332651583046 0.0 0.0 0.560862893716 0.0 0.0 1.2331898559
0.0 0.0 -0.33998663995 0.0 0.0 0.556626941998 0.0 0.0 1.23476085692
0.0 0.0 -0.347373256868 0.0 0.0 0.552377530695 0.0 0.0 1.23639687701
0.0 0.0 -0.35480989207 0.0 0.0 0.548117666003 0.0 0.0 1.23809336824
0.0 0.0 -0.362295009222 0.0 0.0 0.543850258443 0.0 0.0 1.23984588375
0.0 0.0 -0.369827078956 0.0 0.0 0.539578120137 0.0 0.0 1.24165008203
0.0 0.0 -0.37740458041 0.0 0.0 0.535303962975 0.0 0.0 1.24350173034
0.0 0.0 -0.385026002754 0.0 0.0 0.531030397641 0.0 0.0 1.24539670715
0.0 0.0 -0.39268984669 0.0 0.0 0.526759933398 0.0 0.0 1.24733100388
0.0 0.0 -0.400394625934 0.0 0.0 0.522494978569 0.0 0.0 1.24930072593
0.0 0.0 -0.408138868663 0.0 0.0 0.518237841658 0.0 0.0 1.25130209296
0.0 0.0 -0.415921118941 0.0 0.0 0.513990733017 0.0 0.0 1.25333143867
0.0 0.0 -0.423739938117 0.0 0.0 0.509755767022 0.0 0.0 1.25538521003
0.0 0.0 -0.431593906194 0.0 0.0 0.505534964668 0.0 0.0 1.25745996603
0.0 0.0 -0.439481623156 0.0 0.0 0.501330256552 0.0 0.0 1.25955237604
0.0 0.0 -0.447401710283 0.0 0.0 0.497143486166 0.0 0.0 1.26165921786
0.0 0.0 -0.455352811409 0.0 0.0 0.492976413464 0.0 0.0 1.26377737534
0.0 0.0 -0.463333594168 0.0 0.0 0.488830718639 0.0 0.0 1.26590383591
0.0 0.0 -0.471342751188 0.0 0.0 0.484708006087 0.0 0.0 1.2680356878
0.0 0.0 -0.479379001257 0.0 0.0 0.480609808499 0.0 0.0 1.27017011709
0.0 0.0 -0.487441090446 0.0 0.0 0.476537591044 0.0 0.0 1.27230440468
0.0 0.0 -0.495527793201 0.0 0.0 0.472492755628 0.0 0.0 1.27443592307
0.0 0.0 -0.503637913388 0.0 0.0 0.468476645172 0.0 0.0 1.27656213322
0.0 0.0 -0.5117702853 0.0 0.0 0.464490547896 0.0 0.0 1.27868058118
0.0 0.0 -0.519923774616 0.0 0.0 0.460535701581 0.0 0.0 1.28078889484
0.0 0.0 -0.528097279327 0.0 0.0 0.456613297784 0.0 0.0 1.2828847806
0.0 0.0 -0.536289730599 0.0 0.0 0.452724485975 0.0 0.0 1.28496602017
0.0 0.0 -0.5445000936 0.0 0.0 0.448870377598 0.0 0.0 1.28703046725
0.0 0.0 -0.552727368271 0.0 0.0 0.445052050011 0.0 0.0 1.28907604441
0.0 0.0 -0.560970590034 0.0 0.0 0.441270550308 0.0 0.0 1.29110073997
0.0 0.0 -0.569228830454 0.0 0.0 0.437526898999 0.0 0.0 1.29310260497
0.0 0.0 -0.577501197831 0.0 0.0 0.43382209353 0.0 0.0 1.29507975025
0.0 0.0 -0.585786837722 0.0 0.0 0.430157111633 0.0 0.0 1.29703034362
0.0 0.0 -0.594084933398 0.0 0.0 0.426532914494 0.0 0.0 1.29895260717
0.0 0.0 -0.602394706222 0.0 0.0 0.422950449723 0.0 0.0 1.30084481464
0.0 0.0 -0.610715415943 0.0 0.0 0.419410654114 0.0 0.0 1.30270528897
0.0 0.0 -0.619046360906 0.0 0.0 0.415914456185 0.0 0.0 1.30453239998
0.0 0.0 -0.627386878165 0.0 0.0 0.412462778491 0.0 0.0 1.30632456218
0.0 0.0 -0.635736343502 0.0 0.0 0.409056539692 0.0 0.0 1.30808023267
0.0 0.0 -0.644094171344 0.0 0.0 0.405696656384 0.0 0.0 1.30979790928
0.0 0.0 -0.652459814568 0.0 0.0 0.402384044665 0.0 0.0 1.3114761288
0.0 0.0 -0.660832764201 0.0 0.0 0.399119621455 0.0 0.0 1.31311346534
0.0 0.0 -0.669212548998 0.0 0.0 0.395904305549 0.0 0.0 1.31470852885
0.0 0.0 -0.677598734912 0.0 0.0 0.392739018417 0.0 0.0 1.31625996383
0.0 0.0 -0.685990924446 0.0 0.0 0.38962468474 0.0 0.0 1.31776644811
0.0 0.0 -0.694388755878 0.0 0.0 0.386562232699 0.0 0.0 1.31922669179
0.0 0.0 -0.70279190239 0.0 0.0 0.38355259402 0.0 0.0 1.32063943635
0.0 0.0 -0.711200071071 0.0 0.0 0.380596703777 0.0 0.0 1.3220034538
0.0 0.0 -0.719613001822 0.0 0.0 0.377695499988 0.0 0.0 1.32331754605
0.0 0.0 -0.728030466159 0.0 0.0 0.37484992299 0.0 0.0 1.32458054431
0.0 0.0 -0.736452265931 0.0 0.0 0.372060914639 0.0 0.0 1.32579130857
0.0 0.0 -0.744878231948 0.0 0.0 0.369329417334 0.0 0.0 1.32694872727
0.0 0.0 -0.753308222545 0.0 0.0 0.366656372896 0.0 0.0 1.32805171695
0.0 0.0 -0.76174212209 0.0 0.0 0.364042721324 0.0 0.0 1.32909922201
0.0 0.0 -0.770179839431 0.0 0.0 0.361489399443 0.0 0.0 1.33009021448
0.0 0.0 -0.778621306325 0.0 0.0 0.35899733948 0.0 0.0 1.33102369393
0.0 0.0 -0.787066475836 0.0 0.0 0.356567467577 0.0 0.0 1.3318986873
0.0 0.0 -0.795515320722 0.0 0.0 0.354200702267 0.0 0.0 1.33271424885
0.0 0.0 -0.803967831829 0.0 0.0 0.351897952939 0.0 0.0 1.33346946005
0.0 0.0 -0.812424016496 0.0 0.0 0.349660118301 0.0 0.0 1.33416342957
0.0 0.0 -0.820883896986 0.0 0.0 0.347488084865 0.0 0.0 1.33479529319
0.0 0.0 -0.829347508944 0.0 0.0 0.345382725462 0.0 0.0 1.33536421373
0.0 0.0 -0.837814899903 0.0 0.0 0.343344897813 0.0 0.0 1.33586938105
0.0 0.0 -0.846286127841 0.0 0.0 0.341375443142 0.0 0.0 1.33631001192
0.0 0.0 -0.854761259781 0.0 0.0 0.339475184873 0.0 0.0 1.33668534997
0.0 0.0 -0.863240370469 0.0 0.0 0.337644927381 0.0 0.0 1.33699466558
0.0 0.0 -0.871723541098 0.0 0.0 0.335885454834 0.0 0.0 1.33723725581
0.0 0.0 -0.880210858112 0.0 0.0 0.334197530102 0.0 0.0 1.33741244425
0.0 0.0 -0.888702412072 0.0 0.0 0.332581893758 0.0 0.0 1.33751958091
0.0 0.0 -0.897198296601 0.0 0.0 0.331039263152 0.0 0.0 1.33755804208
0.0 0.0 -0.905698607378 0.0 0.0 0.329570331563 0.0 0.0 1.33752723018
0.0 0.0 -0.914203441228 0.0 0.0 0.32817576743 0.0 0.0 1.33742657361
0.0 0.0 -0.922712895268 0.0 0.0 0.326856213658 0.0 0.0 1.33725552661
0.0 0.0 -0.93122706612 0.0 0.0 0.32561228699 0.0 0.0 1.33701356907
0.0 0.0 -0.939746049194 0.0 0.0 0.324444577442 0.0 0.0 1.3367002064
0.0 0.0 -0.948269938033 0.0 0.0 0.323353647805 0.0 0.0 1.33631496937
0.0 0.0 -0.956798823718 0.0 0.0 0.32234003319 0.0 0.0 1.33585741396
0.0 0.0 -0.965332794336 0.0 0.0 0.321404240639 0.0 0.0 1.33532712123
0.0 0.0 -0.973871934498 0.0 0.0 0.320546748759 0.0 0.0 1.33472369719
0.0 0.0 -0.98241632492 0.0 0.0 0.319768007414 0.0 0.0 1.33404677271
0.0 0.0 -0.990966042044 0.0 0.0 0.319068437437 0.0 0.0 1.33329600341
0.0 0.0 -0.999521157719 0.0 0.0 0.318448430375 0.0 0.0 1.33247106959
0.0 0.0 -1.00808173891 0.0 0.0 0.317908348256 0.0 0.0 1.33157167622
0.0 0.0 -1.01664784749 0.0 0.0 0.317448523367 0.0 0.0 1.33059755286
0.0 0.0 -1.02521953999 0.0 0.0 0.317069258055 0.0 0.0 1.32954845373
0.0 0.0 -1.03379686749 0.0 0.0 0.316770824521 0.0 0.0 1.32842415772
0.0 0.0 -1.04237987548 0.0 0.0 0.316553464628 0.0 0.0 1.32722446844
0.0 0.0 -1.05096860377 0.0 0.0 0.316417389698 0.0 0.0 1.32594921439
0.0 0.0 -1.0595630864 0.0 0.0 0.316362780304 0.0 0.0 1.32459824906
0.0 0.0 -1.06816335165 0.0 0.0 0.31638978605 0.0 0.0 1.32317145113
0.0 0.0 -1.07676942202 0.0 0.0 0.316498525334 0.0 0.0 1.32166872469
0.0 0.0 -1.08538131424 0.0 0.0 0.31668908509 0.0 0.0 1.32008999954
0.0 0.0 -1.0939990393 0.0 0.0 0.316961520501 0.0 0.0 1.31843523152
0.0 0.0 -1.10262260255 0.0 0.0 0.317315854691 0.0 0.0 1.31670440283
0.0 0.0 -1.11125200373 0.0 0.0 0.317752078371 0.0 0.0 1.31489752252
0.0 0.0 -1.1198872371 0.0 0.0 0.318270149456 0.0 0.0 1.31301462694
0.0 0.0 -1.12852829155 0.0 0.0 0.318869992631 0.0 0.0 1.31105578028
0.0 0.0 -1.1371751507 0.0 0.0 0.319551498879 0.0 0.0 1.3090210752
0.0 0.0 -1.14582779307 0.0 0.0 0.32031452495 0.0 0.0 1.30691063347
0.0 0.0 -1.1544861922 0.0 0.0 0.321158892771 0.0 0.0 1.30472460671
0.0 0.0 -1.16315031685 0.0 0.0 0.322084388806 0.0 0.0 1.30246317719
0.0 0.0 -1.17182013111 0.0 0.0 0.323090763337 0.0 0.0 1.30012655875
0.0 0.0 -1.18049559462 0.0 0.0 0.324177729679 0.0 0.0 1.29771499771
0.0 0.0 -1.18917666274 0.0 0.0 0.325344963326 0.0 0.0 1.29522877395
0.0 0.0 -1.19786328673 0.0 0.0 0.326592100995 0.0 0.0 1.29266820199
0.0 0.0 -1.20655541396 0.0 0.0 0.327918739604 0.0 0.0 1.2900336323
0.0 0.0 -1.21525298808 0.0 0.0 0.329324435142 0.0 0.0 1.28732545254
0.0 0.0 -1.22395594922 0.0 0.0 0.330808701444 0.0 0.0 1.284544089
0.0 0.0 -1.23266423421 0.0 0.0 0.332371008852 0.0 0.0 1.28169000818
0.0 0.0 -1.24137777676 0.0 0.0 0.334010782773 0.0 0.0 1.27876371839
0.0 0.0 -1.25009650767 0.0 0.0 0.335727402104 0.0 0.0 1.27576577152
0.0 0.0 -1.25882035504 0.0 0.0 0.337520197533 0.0 0.0 1.27269676497
0.0 0.0 -1.26754924442 0.0 0.0 0.339388449697 0.0 0.0 1.26955734369
0.0 0.0 -1.27628309908 0.0 0.0 0.341331387201 0.0 0.0 1.26634820233
0.0 0.0 -1.28502184015 0.0 0.0 0.343348184467 0.0 0.0 1.26307008759
0.0 0.0 -1.29376538682 0.0 0.0 0.345437959432 0.0 0.0 1.25972380074
0.0 0.0 -1.30251365656 0.0 0.0 0.347599771061 0.0 0.0 1.25631020027
0.0 0.0 -1.31126656527 0.0 0.0 0.34983261667 0.0 0.0 1.25283020478
0.0 0.0 -1.32002402747 0.0 0.0 0.352135429066 0.0 0.0 1.24928479597
0.0 0.0 -1.3287859565 0.0 0.0 0.354507073457 0.0 0.0 1.24567502198
0.0 0.0 -1.33755226465 0.0 0.0 0.356946344163 0.0 0.0 1.24200200079
0.0 0.0 -1.34632286337 0.0 0.0 0.359451961085 0.0 0.0 1.23826692394
0.0 0.0 -1.35509766342 0.0 0.0 0.362022565933 0.0 0.0 1.23447106047
0.0 0.0 -1.363876575 0.0 0.0 0.364656718202 0.0 0.0 1.23061576111
0.0 0.0 -1.37265950795 0.0 0.0 0.367352890884 0.0 0.0 1.22670246268
0.0 0.0 -1.38144637186 0.0 0.0 0.370109465906 0.0 0.0 1.22273269286
0.0 0.0 -1.39023707621 0.0 0.0 0.372924729287 0.0 0.0 1.21870807512
0.0 0.0 -1.39903153053 0.0 0.0 0.375796866004 0.0 0.0 1.214630334
0.0 0.0 -1.40782964452 0.0 0.0 0.378723954563 0.0 0.0 1.2105013007
0.0 0.0 -1.41663132817 0.0 0.0 0.381703961277 0.0 0.0 1.20632291889
0.0 0.0 -1.42543649186 0.0 0.0 0.384734734234 0.0 0.0 1.20209725087
0.0 0.0 -1.43424504651 0.0 0.0 0.387813996979 0.0 0.0 1.19782648402
0.0 0.0 -1.44305690366 0.0 0.0 0.390939341905 0.0 0.0 1.19351293747
0.0 0.0 -1.45187197556 0.0 0.0 0.394108223361 0.0 0.0 1.18915906914
0.0 0.0 -1.46069017531 0.0 0.0 0.397317950509 0.0 0.0 1.18476748297
0.0 0.0 -1.4695114169 0.0 0.0 0.400565679933 0.0 0.0 1.18034093634
0.0 0.0 -1.47833561531 0.0 0.0 0.403848408053 0.0 0.0 1.17588234784
0.0 0.0 -1.48716268661 0.0 0.0 0.407162963365 0.0 0.0 1.17139480502
0.0 0.0 -1.495992548 0.0 0.0 0.410505998564 0.0 0.0 1.1668815724
0.0 0.0 -1.50482511788 0.0 0.0 0.413873982607 0.0 0.0 1.16234609943
0.0 0.0 -1.51366031596 0.0 0.0 0.417263192785 0.0 0.0 1.15779202851
0.0 0.0 -1.52249806325 0.0 0.0 0.420669706884 0.0 0.0 1.15322320287
0.0 0.0 -1.53133828215 0.0 0.0 0.424089395534 0.0 0.0 1.1486436743
0.0 0.0 -1.54018089652 0.0 0.0 0.427517914852 0.0 0.0 1.14405771051
0.0 0.0 -1.54902583166 0.0 0.0 0.430950699502 0.0 0.0 1.13946980216
0.0 0.0 -1.5578730144 0.0 0.0 0.434382956321 0.0 0.0 1.13488466924
0.0 0.0 -1.56672237314 0.0 0.0 0.437809658653 0.0 0.0 1.1303072668
0.0 0.0 -1.57557383783 0.0 0.0 0.441225541576 0.0 0.0 1.12574278972
0.0 0.0 -1.58442734006 0.0 0.0 0.444625098208 0.0 0.0 1.12119667645
0.0 0.0 -1.59328281302 0.0 0.0 0.448002577304 0.0 0.0 1.11667461146
0.0 0.0 -1.60214019157 0.0 0.0 0.451351982358 0.0 0.0 1.11218252609
0.0 0.0 -1.61099941224 0.0 0.0 0.454667072467 0.0 0.0 1.10772659779
0.0 0.0 -1.61986041322 0.0 0.0 0.457941365187 0.0 0.0 1.10331324718
0.0 0.0 -1.62872313441 0.0 0.0 0.461168141679 0.0 0.0 1.098949133
0.0 0.0 -1.63758751738 0.0 0.0 0.46434045438 0.0 0.0 1.09464114439
0.0 0.0 -1.64645350541 0.0 0.0 0.46745113752 0.0 0.0 1.0903963904
0.0 0.0 -1.65532104346 0.0 0.0 0.470492820727 0.0 0.0 1.08622218636
0.0 0.0 -1.66419007819 0.0 0.0 0.473457946018 0.0 0.0 1.08212603691
0.0 0.0 -1.67306055793 0.0 0.0 0.476338788414 0.0 0.0 1.07811561537
0.0 0.0 -1.6819324327 0.0 0.0 0.479127480417 0.0 0.0 1.07419873925
0.0 0.0 -1.69080565417 0.0 0.0 0.481816040544 0.0 0.0 1.07038334169
0.0 0.0 -1.69968017564 0.0 0.0 0.484396406059 0.0 0.0 1.06667743876
0.0 0.0 -1.70855595208 0.0 0.0 0.486860469979 0.0 0.0 1.06308909238
0.0 0.0 -1.71743294001 0.0 0.0 0.48920012237 0.0 0.0 1.05962636902
0.0 0.0 -1.72631109759 0.0 0.0 0.491407295819 0.0 0.0 1.05629729425
0.0 0.0 -1.73519038451 0.0 0.0 0.493474014898 0.0 0.0 1.05310980319
0.0 0.0 -1.74407076199 0.0 0.0 0.495392449283 0.0 0.0 1.05007168738
0.0 0.0 -1.75295219278 0.0 0.0 0.497154970071 0.0 0.0 1.04719053847
0.0 0.0 -1.76183464108 0.0 0.0 0.498754208688 0.0 0.0 1.04447368925
0.0 0.0 -1.77071807255 0.0 0.0 0.500183117641 0.0 0.0 1.04192815285
0.0 0.0 -1.77960245423 0.0 0.0 0.501435032234 0.0 0.0 1.03956056103
0.0 0.0 -1.78848775457 0.0 0.0 0.502503732217 0.0 0.0 1.03737710246
0.0 0.0 -1.79737394331 0.0 0.0 0.50338350226 0.0 0.0 1.03538346225
0.0 0.0 -1.80626099151 0.0 0.0 0.504069190034 0.0 0.0 1.03358476375
0.0 0.0 -1.81514887147 0.0 0.0 0.504556260674 0.0 0.0 1.03198551416
0.0 0.0 -1.82403755671 0.0 0.0 0.504840846352 0.0 0.0 1.0305895548
0.0 0.0 -1.83292702191 0.0 0.0 0.504919789788 0.0 0.0 1.02940001763
0.0 0.0 -1.84181724286 0.0 0.0 0.504790680588 0.0 0.0 1.02841928886
0.0 0.0 -1.85070819645 0.0 0.0 0.504451883452 0.0 0.0 1.02764898066
0.0 0.0 -1.85959986059 0.0 0.0 0.503902557514 0.0 0.0 1.02708991181
0.0 0.0 -1.86849221418 0.0 0.0 0.503142666254 0.0 0.0 1.02674209774
0.0 0.0 -1.87738523706 0.0 0.0 0.502172977734 0.0 0.0 1.02660475021
0.0 0.0 -1.88627890998 0.0 0.0 0.500995055128 0.0 0.0 1.02667628681
0.0 0.0 -1.89517321453 0.0 0.0 0.499611237821 0.0 0.0 1.02695434973
0.0 0.0 -1.90406813309 0.0 0.0 0.498024613597 0.0 0.0 1.02743583359
0.0 0.0 -1.91296364885 0.0 0.0 0.496238982655 0.0 0.0 1.02811692135
0.0 0.0 -1.92185974568 0.0 0.0 0.494258814402 0.0 0.0 1.02899312751
0.0 0.0 -1.93075640816 0.0 0.0 0.492089198116 0.0 0.0 1.03005934733
0.0 0.0 -1.93965362148 0.0 0.0 0.489735788669 0.0 0.0 1.03130991117
0.0 0.0 -1.94855137146 0.0 0.0 0.487204748556 0.0 0.0 1.03273864232
0.0 0.0 -1.95744964447 0.0 0.0 0.484502687472 0.0 0.0 1.03433891748
0.0 0.0 -1.96634842742 0.0 0.0 0.481636600658 0.0 0.0 1.0361037283
0.0 0.0 -1.9752477077 0.0 0.0 0.47861380712 0.0 0.0 1.03802574317
0.0 0.0 -1.98414747316 0.0 0.0 0.475441888769 0.0 0.0 1.04009736805
0.0 0.0 -1.99304771212 0.0 0.0 0.472128631364 0.0 0.0 1.04231080547
0.0 0.0 -2.00194841326 0.0 0.0 0.468681968008 0.0 0.0 1.04465811103
0.0 0.0 -2.01084956567 0.0 0.0 0.465109925823 0.0 0.0 1.04713124668
0.0 0.0 -2.01975115877 0.0 0.0 0.461420576265 0.0 0.0 1.04972213039
0.0 0.0 -2.02865318233 0.0 0.0 0.457621989409 0.0 0.0 1.05242268186
0.0 0.0 -2.03755562641 0.0 0.0 0.453722192423 0.0 0.0 1.05522486398
0.0 0.0 -2.04645848137 0.0 0.0 0.449729132314 0.0 0.0 1.05812072011
0.0 0.0 -2.05536173784 0.0 0.0 0.445650642973 0.0 0.0 1.06110240697
0.0 0.0 -2.0642653867 0.0 0.0 0.44149441642 0.0 0.0 1.06416222344
0.0 0.0 -2.07316941908 0.0 0.0 0.437267978116 0.0 0.0 1.06729263517
0.0 0.0 -2.0820738263 0.0 0.0 0.43297866616 0.0 0.0 1.07048629541
0.0 0.0 -2.09097859994 0.0 0.0 0.428633614125 0.0 0.0 1.07373606213
0.0 0.0 -2.09988373174 0.0 0.0 0.424239737296 0.0 0.0 1.07703501181
0.0 0.0 -2.10878921365 0.0 0.0 0.419803722029 0.0 0.0 1.08037645004
0.0 0.0 -2.11769503779 0.0 0.0 0.41533201795 0.0 0.0 1.0837539193
0.0 0.0 -2.12660119644 0.0 0.0 0.410830832734 0.0 0.0 1.08716120421
0.0 0.0 -2.13550768206 0.0 0.0 0.406306129162 0.0 0.0 1.09059233446
0.0 0.0 -2.14441448726 0.0 0.0 0.40176362421 0.0 0.0 1.09404158566
0.0 0.0 -2.1533216048 0.0 0.0 0.397208789912 0.0 0.0 1.09750347854
0.0 0.0 -2.16222902756 0.0 0.0 0.392646855746 0.0 0.0 1.10097277652
0.0 0.0 -2.1711367486 0.0 0.0 0.388082812332 0.0 0.0 1.10444448201
0.0 0.0 -2.18004476107 0.0 0.0 0.383521416224 0.0 0.0 1.10791383163
0.0 0.0 -2.18895305827 0.0 0.0 0.378967195608 0.0 0.0 1.1113762905
0.0 0.0 -2.19786163362 0.0 0.0 0.374424456732 0.0 0.0 1.11482754577
0.0 0.0 -2.20677048066 0.0 0.0 0.36989729091 0.0 0.0 1.11826349967
0.0 0.0 -2.21567959304 0.0 0.0 0.365389581958 0.0 0.0 1.12168026205
0.0 0.0 -2.22458896454 0.0 0.0 0.36090501394 0.0 0.0 1.12507414261
0.0 0.0 -2.23349858903 0.0 0.0 0.356447079112 0.0 0.0 1.12844164297
0.0 0.0 -2.24240846052 0.0 0.0 0.35201908597 0.0 0.0 1.13177944864
0.0 0.0 -2.25131857309 0.0 0.0 0.347624167314 0.0 0.0 1.13508442091
0.0 0.0 -2.26022892095 0.0 0.0 0.34326528827 0.0 0.0 1.13835358886
0.0 0.0 -2.26913949841 0.0 0.0 0.338945254197 0.0 0.0 1.14158414143
0.0 0.0 -2.27805029987 0.0 0.0 0.334666718442 0.0 0.0 1.14477341968
0.0 0.0 -2.28696131983 0.0 0.0 0.330432189897 0.0 0.0 1.14791890923
0.0 0.0 -2.29587255291 0.0 0.0 0.326244040328 0.0 0.0 1.15101823292
0.0 0.0 -2.3047839938 0.0 0.0 0.322104511457 0.0 0.0 1.15406914372
0.0 0.0 -2.3136956373 0.0 0.0 0.318015721769 0.0 0.0 1.15706951795
0.0 0.0 -2.32260747829 0.0 0.0 0.313979673048 0.0 0.0 1.1600173487
0.0 0.0 -2.33151951177 0.0 0.0 0.309998256617 0.0 0.0 1.16291073965
0.0 0.0 -2.3404317328 0.0 0.0 0.306073259295 0.0 0.0 1.16574789904
0.0 0.0 -2.34934413655 0.0 0.0 0.302206369061 0.0 0.0 1.16852713407
0.0 0.0 -2.35825671828 0.0 0.0 0.298399180431 0.0 0.0 1.17124684546
0.0 0.0 -2.36716947332 0.0 0.0 0.294653199553 0.0 0.0 1.17390552242
0.0 0.0 -2.37608239711 0.0 0.0 0.290969849035 0.0 0.0 1.17650173776
0.0 0.0 -2.38499548516 0.0 0.0 0.287350472498 0.0 0.0 1.17903414339
0.0 0.0 -2.39390873308 0.0 0.0 0.283796338881 0.0 0.0 1.18150146596
0.0 0.0 -2.40282213655 0.0 0.0 0.280308646496 0.0 0.0 1.18390250285
0.0 0.0 -2.41173569133 0.0 0.0 0.27688852685 0.0 0.0 1.18623611832
0.0 0.0 -2.42064939329 0.0 0.0 0.273537048246 0.0 0.0 1.18850123992
0.0 0.0 -2.42956323836 0.0 0.0 0.270255219165 0.0 0.0 1.1906968551
0.0 0.0 -2.43847722255 0.0 0.0 0.267043991456 0.0 0.0 1.19282200803
0.0 0.0 -2.44739134195 0.0 0.0 0.263904263326 0.0 0.0 1.1948757966
0.0 0.0 -2.45630559275 0.0 0.0 0.260836882153 0.0 0.0 1.19685736961
0.0 0.0 -2.4652199712 0.0 0.0 0.257842647134 0.0 0.0 1.19876592411
0.0 0.0 -2.47413447361 0.0 0.0 0.25492231176 0.0 0.0 1.20060070293
0.0 0.0 -2.48304909641 0.0 0.0 0.252076586156 0.0 0.0 1.20236099237
0.0 0.0 -2.49196383608 0.0 0.0 0.249306139262 0.0 0.0 1.20404611996
0.0 0.0 -2.50087868916 0.0 0.0 0.24661160089 0.0 0.0 1.20565545245
0.0 0.0 -2.5097936523 0.0 0.0 0.243993563653 0.0 0.0 1.20718839386
0.0 0.0 -2.5187087222 0.0 0.0 0.241452584765 0.0 0.0 1.20864438368
0.0 0.0 -2.52762389563 0.0 0.0 0.238989187743 0.0 0.0 1.21002289517
0.0 0.0 -2.53653916944 0.0 0.0 0.236603863991 0.0 0.0 1.21132343376
0.0 0.0 -2.54545454056 0.0 0.0 0.234297074286 0.0 0.0 1.21254553562
0.0 0.0 -2.55437000596 0.0 0.0 0.23206925017 0.0 0.0 1.21368876617
0.0 0.0 -2.56328556271 0.0 0.0 0.229920795249 0.0 0.0 1.21475271887
0.0 0.0 -2.57220120794 0.0 0.0 0.22785208641 0.0 0.0 1.21573701397
0.0 0.0 -2.58111693883 0.0 0.0 0.225863474951 0.0 0.0 1.21664129735
0.0 0.0 -2.59003275264 0.0 0.0 0.223955287637 0.0 0.0 1.21746523951
0.0 0.0 -2.59894864671 0.0 0.0 0.222127827681 0.0 0.0 1.21820853456
0.0 0.0 -2.60786461841 0.0 0.0 0.220381375654 0.0 0.0 1.21887089932
0.0 0.0 -2.6167806652 0.0 0.0 0.218716190321 0.0 0.0 1.21945207248
0.0 0.0 -2.62569678459 0.0 0.0 0.217132509426 0.0 0.0 1.2199518138
0.0 0.0 -2.63461297417 0.0 0.0 0.215630550396 0.0 0.0 1.22036990344
0.0 0.0 -2.64352923157 0.0 0.0 0.214210510999 0.0 0.0 1.22070614127
0.0 0.0 -2.65244555449 0.0 0.0 0.212872569937 0.0 0.0 1.22096034628
0.0 0.0 -2.66136194069 0.0 0.0 0.211616887379 0.0 0.0 1.22113235607
0.0 0.0 -2.67027838797 0.0 0.0 0.210443605448 0.0 0.0 1.22122202631
0.0 0.0 -2.67919489423 0.0 0.0 0.209352848645 0.0 0.0 1.2212292304
0.0 0.0 -2.68811145737 0.0 0.0 0.208344724225 0.0 0.0 1.221153859
0.0 0.0 -2.6970280754 0.0 0.0 0.207419322521 0.0 0.0 1.22099581976
0.0 0.0 -2.70594474635 0.0 0.0 0.206576717218 0.0 0.0 1.22075503705
0.0 0.0 -2.71486146832 0.0 0.0 0.205816965575 0.0 0.0 1.22043145169
0.0 0.0 -2.72377823945 0.0 0.0 0.2051401086 0.0 0.0 1.22002502082
0.0 0.0 -2.73269505794 0.0 0.0 0.204546171176 0.0 0.0 1.21953571777
0.0 0.0 -2.74161192205 0.0 0.0 0.204035162138 0.0 0.0 1.21896353194
0.0 0.0 -2.75052883007 0.0 0.0 0.203607074304 0.0 0.0 1.21830846882
0.0 0.0 -2.75944578035 0.0 0.0 0.203261884454 0.0 0.0 1.21757054999
0.0 0.0 -2.7683627713 0.0 0.0 0.202999553266 0.0 0.0 1.21674981315
0.0 0.0 -2.77727980135 0.0 0.0 0.2028200252 0.0 0.0 1.2158463123
0.0 0.0 -2.78619686901 0.0 0.0 0.202723228337 0.0 0.0 1.21486011785
0.0 0.0 -2.79511397281 0.0 0.0 0.202709074163 0.0 0.0 1.21379131686
0.0 0.0 -2.80403111134 0.0 0.0 0.202777457312 0.0 0.0 1.21264001326
0.0 0.0 -2.81294828322 0.0 0.0 0.202928255252 0.0 0.0 1.21140632823
0.0 0.0 -2.82186548712 0.0 0.0 0.203161327921 0.0 0.0 1.2100904005
0.0 0.0 -2.83078272177 0.0 0.0 0.203476517315 0.0 0.0 1.20869238678
0.0 0.0 -2.8396999859 0.0 0.0 0.203873647017 0.0 0.0 1.20721246224
0.0 0.0 -2.84861727833 0.0 0.0 0.204352521671 0.0 0.0 1.20565082104
0.0 0.0 -2.85753459788 0.0 0.0 0.20491292641 0.0 0.0 1.20400767688
0.0 0.0 -2.86645194342 0.0 0.0 0.205554626209 0.0 0.0 1.20228326365
0.0 0.0 -2.87536931388 0.0 0.0 0.206277365193 0.0 0.0 1.20047783615
0.0 0.0 -2.88428670819 0.0 0.0 0.207080865874 0.0 0.0 1.19859167081
0.0 0.0 -2.89320412534 0.0 0.0 0.207964828327 0.0 0.0 1.19662506654
0.0 0.0 -2.90212156436 0.0 0.0 0.208928929297 0.0 0.0 1.19457834561
0.0 0.0 -2.91103902429 0.0 0.0 0.209972821237 0.0 0.0 1.19245185463
0.0 0.0 -2.91995650423 0.0 0.0 0.211096131271 0.0 0.0 1.19024596557
0.0 0.0 -2.92887400329 0.0 0.0 0.212298460083 0.0 0.0 1.18796107685
0.0 0.0 -2.93779152064 0.0 0.0 0.213579380721 0.0 0.0 1.18559761458
0.0 0.0 -2.94670905545 0.0 0.0 0.214938437323 0.0 0.0 1.18315603382
0.0 0.0 -2.95562660694 0.0 0.0 0.216375143744 0.0 0.0 1.18063681992
0.0 0.0 -2.96454417435 0.0 0.0 0.217888982099 0.0 0.0 1.17804049
0.0 0.0 -2.97346175695 0.0 0.0 0.219479401202 0.0 0.0 1.17536759453
0.0 0.0 -2.98237935406 0.0 0.0 0.221145814895 0.0 0.0 1.17261871897
0.0 0.0 -2.99129696498 0.0 0.0 0.222887600276 0.0 0.0 1.16979448554
0.0 0.0 -3.00021458909 0.0 0.0 0.224704095804 0.0 0.0 1.16689555515
0.0 0.0 -3.00913222575 0.0 0.0 0.226594599275 0.0 0.0 1.16392262937
0.0 0.0 -3.01804987438 0.0 0.0 0.228558365674 0.0 0.0 1.16087645263
0.0 0.0 -3.0269675344 0.0 0.0 0.23059460488 0.0 0.0 1.15775781447
0.0 0.0 -3.03588520527 0.0 0.0 0.232702479225 0.0 0.0 1.15456755202
0.0 0.0 -3.04480288646 0.0 0.0 0.234881100896 0.0 0.0 1.15130655256
0.0 0.0 -3.05372057746 0.0 0.0 0.237129529166 0.0 0.0 1.14797575633
0.0 0.0 -3.0626382778 0.0 0.0 0.239446767449 0.0 0.0 1.14457615941
0.0 0.0 -3.07155598702 0.0 0.0 0.241831760169 0.0 0.0 1.14110881693
0.0 0.0 -3.08047370466 0.0 0.0 0.244283389431 0.0 0.0 1.13757484635
0.0 0.0 -3.08939143032 0.0 0.0 0.246800471476 0.0 0.0 1.13397543099
0.0 0.0 -3.09830916359 0.0 0.0 0.249381752925 0.0 0.0 1.13031182384
0.0 0.0 -3.10722690408 0.0 0.0 0.252025906786 0.0 0.0 1.12658535149
0.0 0.0 -3.11614465143 0.0 0.0 0.25473152822 0.0 0.0 1.12279741843
0.0 0.0 -3.12506240528 0.0 0.0 0.257497130054 0.0 0.0 1.11894951148
0.0 0.0 -3.1339801653 0.0 0.0 0.260321138034 0.0 0.0 1.11504320455
0.0 0.0 -3.14289793117 0.0 0.0 0.263201885801 0.0 0.0 1.11108016367
0.0 0.0 -3.15181570258 0.0 0.0 0.266137609599 0.0 0.0 1.10706215232
0.0 0.0 -3.16073347925 0.0 0.0 0.269126442682 0.0 0.0 1.10299103693
0.0 0.0 -3.16965126089 0.0 0.0 0.272166409451 0.0 0.0 1.09886879283
0.0 0.0 -3.17856904725 0.0 0.0 0.275255419285 0.0 0.0 1.09469751038
0.0 0.0 -3.18748683807 0.0 0.0 0.278391260096 0.0 0.0 1.09047940142
0.0 0.0 -3.19640463312 0.0 0.0 0.281571591596 0.0 0.0 1.086216806
0.0 0.0 -3.20532243217 0.0 0.0 0.284793938296 0.0 0.0 1.08191219937
0.0 0.0 -3.214240235 0.0 0.0 0.288055682249 0.0 0.0 1.07756819928
0.0 0.0 -3.22315804141 0.0 0.0 0.291354055556 0.0 0.0 1.07318757341
0.0 0.0 -3.23207585121 0.0 0.0 0.294686132678 0.0 0.0 1.06877324712
0.0 0.0 -3.24099366421 0.0 0.0 0.298048822569 0.0 0.0 1.06432831125
0.0 0.0 -3.24991148024 0.0 0.0 0.301438860694 0.0 0.0 1.05985603018
0.0 0.0 -3.25882929913 0.0 0.0 0.304852800986 0.0 0.0 1.05535984981
0.0 0.0 -3.26774712072 0.0 0.0 0.308287007794 0.0 0.0 1.05084340562
0.0 0.0 -3.27666494487 0.0 0.0 0.311737647922 0.0 0.0 1.04631053067
0.0 0.0 -3.28558277143 0.0 0.0 0.315200682837 0.0 0.0 1.04176526335
0.0 0.0 -3.29450060028 0.0 0.0 0.318671861151 0.0 0.0 1.03721185491
0.0 0.0 -3.30341843128 0.0 0.0 0.322146711513 0.0 0.0 1.03265477657
0.0 0.0 -3.31233626432 0.0 0.0 0.325620536026 0.0 0.0 1.02809872613
0.0 0.0 -3.32125409929 0.0 0.0 0.329088404357 0.0 0.0 1.02354863379
0.0 0.0 -3.33017193607 0.0 0.0 0.332545148709 0.0 0.0 1.01900966724
0.0 0.0 -3.33908977456 0.0 0.0 0.335985359828 0.0 0.0 1.01448723565
0.0 0.0 -3.34800761468 0.0 0.0 0.339403384269 0.0 0.0 1.00998699235
0.0 0.0 -3.35692545633 0.0 0.0 0.34279332312 0.0 0.0 1.00551483618
0.0 0.0 -3.36584329943 0.0 0.0 0.346149032443 0.0 0.0 1.00107691098
0.0 0.0 -3.37476114389 0.0 0.0 0.349464125654 0.0 0.0 0.996679603255
0.0 0.0 -3.38367898964 0.0 0.0 0.352731978138 0.0 0.0 0.992329537549
0.0 0.0 -3.39259683661 0.0 0.0 0.355945734342 0.0 0.0 0.988033569342
0.0 0.0 -3.40151468473 0.0 0.0 0.359098317641 0.0 0.0 0.98379877519
0.0 0.0 -3.41043253393 0.0 0.0 0.362182443248 0.0 0.0 0.979632439817
0.0 0.0 -3.41935038417 0.0 0.0 0.365190634445 0.0 0.0 0.975542039883
0.0 0.0 -3.42826823537 0.0 0.0 0.368115242384 0.0 0.0 0.971535224176
0.0 0.0 -3.43718608749 0.0 0.0 0.370948469708 0.0 0.0 0.967619790002
0.0 0.0 -3.44610394048 0.0 0.0 0.373682398179 0.0 0.0 0.963803655546
0.0 0.0 -3.45502179429 0.0 0.0 0.376309020477 0.0 0.0 0.960094828083
0.0 0.0 -3.46393964887 0.0 0.0 0.378820276256 0.0 0.0 0.956501367912
0.0 0.0 -3.47285750418 0.0 0.0 0.381208092485 0.0 0.0 0.953031348023
0.0 0.0 -3.48177536019 0.0 0.0 0.383464427992 0.0 0.0 0.949692809548
0.0 0.0 -3.49069321685 0.0 0.0 0.385581322037 0.0 0.0 0.946493713187
0.0 0.0 -3.49961107412 0.0 0.0 0.387550946618 0.0 0.0 0.94344188691
0.0 0.0 -3.50852893198 0.0 0.0 0.389365662061 0.0 0.0 0.940544970354
0.0 0.0 -3.51744679039 0.0 0.0 0.39101807535 0.0 0.0 0.937810356504
0.0 0.0 -3.52636464933 0.0 0.0 0.392501100454 0.0 0.0 0.935245131361
0.0 0.0 -3.53528250876 0.0 0.0 0.393808019807 0.0 0.0 0.932856012464
0.0 0.0 -3.54420036865 0.0 0.0 0.394932545948 0.0 0.0 0.930649287245
0.0 0.0 -3.55311822899 0.0 0.0 0.395868882233 0.0 0.0 0.928630752324
0.0 0.0 -3.56203608974 0.0 0.0 0.39661178141 0.0 0.0 0.926805654929
0.0 0.0 -3.57095395089 0.0 0.0 0.397156600843 0.0 0.0 0.925178637672
0.0 0.0 -3.57987181241 0.0 0.0 0.397499353128 0.0 0.0 0.923753687936
0.0 0.0 -3.58878967429 0.0 0.0 0.397636750896 0.0 0.0 0.92253409307
0.0 0.0 -3.59770753649 0.0 0.0 0.397566244682 0.0 0.0 0.921522402517
0.0 0.0 -3.60662539901 0.0 0.0 0.397286052884 0.0 0.0 0.920720397865
0.0 0.0 -3.61554326183 0.0 0.0 0.396795182995 0.0 0.0 0.9201290716
0.0 0.0 -3.62446112493 0.0 0.0 0.396093443546 0.0 0.0 0.919748615175
0.0 0.0 -3.6333789883 0.0 0.0 0.395181446419 0.0 0.0 0.919578416692
0.0 0.0 -3.64229685191 0.0 0.0 0.394060599466 0.0 0.0 0.919617068285
0.0 0.0 -3.65121471576 0.0 0.0 0.392733089642 0.0 0.0 0.919862382984
0.0 0.0 -3.66013257982 0.0 0.0 0.391201857114 0.0 0.0 0.920311420608
0.0 0.0 -3.6690504441 0.0 0.0 0.389470561049 0.0 0.0 0.920960521977
0.0 0.0 -3.67796830857 0.0 0.0 0.387543537982 0.0 0.0 0.921805350543
0.0 0.0 -3.68688617323 0.0 0.0 0.385425753818 0.0 0.0 0.922840940388
0.0 0.0 -3.69580403805 0.0 0.0 0.383122750654 0.0 0.0 0.924061749407
0.0 0.0 -3.70472190304 0.0 0.0 0.380640589638 0.0 0.0 0.925461716437
0.0 0.0 -3.71363976818 0.0 0.0 0.377985791126 0.0 0.0 0.927034321114
0.0 0.0 -3.72255763345 0.0 0.0 0.375165273342 0.0 0.0 0.928772645203
0.0 0.0 -3.73147549886 0.0 0.0 0.37218629069 0.0 0.0 0.93066943429
0.0 0.0 -3.74039336439 0.0 0.0 0.369056372759 0.0 0.0 0.932717158775
0.0 0.0 -3.74931123003 0.0 0.0 0.365783264951 0.0 0.0 0.934908073251
0.0 0.0 -3.75822909577 0.0 0.0 0.362374871499 0.0 0.0 0.937234273474
0.0 0.0 -3.76714696161 0.0 0.0 0.358839201536 0.0 0.0 0.939687750302
0.0 0.0 -3.77606482754 0.0 0.0 0.355184318701 0.0 0.0 0.942260440088
0.0 0.0 -3.78498269354 0.0 0.0 0.351418294647 0.0 0.0 0.944944271173
0.0 0.0 -3.79390055961 0.0 0.0 0.347549166677 0.0 0.0 0.947731206245
0.0 0.0 -3.80281842575 0.0 0.0 0.343584899652 0.0 0.0 0.950613280437
0.0 0.0 -3.81173629195 0.0 0.0 0.339533352167 0.0 0.0 0.953582635146
0.0 0.0 -3.8206541582 0.0 0.0 0.335402246952 0.0 0.0 0.956631547636
0.0 0.0 -3.82957202449 0.0 0.0 0.331199145368 0.0 0.0 0.95975245654
0.0 0.0 -3.83848989082 0.0 0.0 0.326931425811 0.0 0.0 0.962937983455
0.0 0.0 -3.84740775718 0.0 0.0 0.322606265814 0.0 0.0 0.966180950842
0.0 0.0 -3.85632562357 0.0 0.0 0.318230627586 0.0 0.0 0.969474396486
0.0 0.0 -3.86524348998 0.0 0.0 0.313811246734 0.0 0.0 0.972811584776
0.0 0.0 -3.87416135641 0.0 0.0 0.309354623879 0.0 0.0 0.976186015086
0.0 0.0 -3.88307922285 0.0 0.0 0.3048670189 0.0 0.0 0.97959142753
0.0 0.0 -3.89199708929 0.0 0.0 0.300354447521 0.0 0.0 0.98302180638
0.0 0.0 -3.90091495574 0.0 0.0 0.295822679976 0.0 0.0 0.986471381397
0.0 0.0 -3.90983282218 0.0 0.0 0.291277241501 0.0 0.0 0.989934627342
0.0 0.0 -3.91875068861 0.0 0.0 0.2867234144 0.0 0.0 0.993406261905
0.0 0.0 -3.92766855504 0.0 0.0 0.282166241464 0.0 0.0 0.996881242292
0.0 0.0 -3.93658642145 0.0 0.0 0.277610530532 0.0 0.0 1.00035476066
0.0 0.0 -3.94550428784 0.0 0.0 0.273060859991 0.0 0.0 1.00382223862
0.0 0.0 -3.9544221542 0.0 0.0 0.268521585049 0.0 0.0 1.00727932095
0.0 0.0 -3.96334002055 0.0 0.0 0.26399684461 0.0 0.0 1.01072186876
0.0 0.0 -3.97225788686 0.0 0.0 0.259490568616 0.0 0.0 1.0141459521
0.0 0.0 -3.98117575314 0.0 0.0 0.255006485717 0.0 0.0 1.0175478423
0.0 0.0 -3.99009361938 0.0 0.0 0.250548131169 0.0 0.0 1.02092400412
0.0 0.0 -3.99901148559 0.0 0.0 0.246118854846 0.0 0.0 1.02427108768
0.0 0.0 -4.00792935176 0.0 0.0 0.241721829303 0.0 0.0 1.02758592042
0.0 0.0 -4.01684721788 0.0 0.0 0.237360057793 0.0 0.0 1.03086549908
0.0 0.0 -4.02576508396 0.0 0.0 0.233036382191 0.0 0.0 1.03410698179
0.0 0.0 -4.03468295 0.0 0.0 0.228753490775 0.0 0.0 1.03730768027
0.0 0.0 -4.04360081598 0.0 0.0 0.224513925815 0.0 0.0 1.04046505224
0.0 0.0 -4.05251868192 0.0 0.0 0.22032009095 0.0 0.0 1.04357669407
0.0 0.0 -4.0614365478 0.0 0.0 0.216174258303 0.0 0.0 1.04664033362
0.0 0.0 -4.07035441362 0.0 0.0 0.212078575355 0.0 0.0 1.04965382342
0.0 0.0 -4.07927227939 0.0 0.0 0.208035071519 0.0 0.0 1.05261513406
0.0 0.0 -4.08819014511 0.0 0.0 0.204045664444 0.0 0.0 1.05552234787
0.0 0.0 -4.09710801076 0.0 0.0 0.200112166023 0.0 0.0 1.05837365298
0.0 0.0 -4.10602587636 0.0 0.0 0.196236288113 0.0 0.0 1.06116733751
0.0 0.0 -4.1149437419 0.0 0.0 0.192419647971 0.0 0.0 1.06390178422
0.0 0.0 -4.12386160737 0.0 0.0 0.188663773404 0.0 0.0 1.06657546529
0.0 0.0 -4.13277947278 0.0 0.0 0.184970107645 0.0 0.0 1.06918693748
0.0 0.0 -4.14169733813 0.0 0.0 0.181340013963 0.0 0.0 1.07173483754
0.0 0.0 -4.15061520342 0.0 0.0 0.177774780016 0.0 0.0 1.0742178778
0.0 0.0 -4.15953306864 0.0 0.0 0.174275621956 0.0 0.0 1.07663484211
0.0 0.0 -4.1684509338 0.0 0.0 0.170843688299 0.0 0.0 1.07898458196
0.0 0.0 -4.17736879889 0.0 0.0 0.167480063566 0.0 0.0 1.08126601281
0.0 0.0 -4.18628666392 0.0 0.0 0.164185771712 0.0 0.0 1.08347811072
0.0 0.0 -4.19520452889 0.0 0.0 0.160961779351 0.0 0.0 1.08561990907
0.0 0.0 -4.20412239378 0.0 0.0 0.157808998789 0.0 0.0 1.08769049556
0.0 0.0 -4.21304025862 0.0 0.0 0.154728290875 0.0 0.0 1.08968900933
0.0 0.0 -4.22195812339 0.0 0.0 0.151720467673 0.0 0.0 1.09161463833
0.0 0.0 -4.23087598809 0.0 0.0 0.148786294985 0.0 0.0 1.09346661675
0.0 0.0 -4.23979385273 0.0 0.0 0.145926494707 0.0 0.0 1.0952442227
0.0 0.0 -4.2487117173 0.0 0.0 0.143141747048 0.0 0.0 1.09694677596
0.0 0.0 -4.25762958182 0.0 0.0 0.140432692613 0.0 0.0 1.09857363593
0.0 0.0 -4.26654744626 0.0 0.0 0.137799934353 0.0 0.0 1.10012419967
0.0 0.0 -4.27546531065 0.0 0.0 0.135244039399 0.0 0.0 1.10159790003
0.0 0.0 -4.28438317497 0.0 0.0 0.132765540781 0.0 0.0 1.102994204
0.0 0.0 -4.29330103923 0.0 0.0 0.130364939032 0.0 0.0 1.10431261104
0.0 0.0 -4.30221890343 0.0 0.0 0.128042703701 0.0 0.0 1.10555265159
0.0 0.0 -4.31113676757 0.0 0.0 0.125799274762 0.0 0.0 1.1067138857
0.0 0.0 -4.32005463165 0.0 0.0 0.123635063933 0.0 0.0 1.10779590163
0.0 0.0 -4.32897249567 0.0 0.0 0.12155045591 0.0 0.0 1.1087983147
0.0 0.0 -4.33789035963 0.0 0.0 0.119545809516 0.0 0.0 1.10972076609
0.0 0.0 -4.34680822353 0.0 0.0 0.117621458772 0.0 0.0 1.11056292176
0.0 0.0 -4.35572608738 0.0 0.0 0.115777713896 0.0 0.0 1.11132447151
0.0 0.0 -4.36464395117 0.0 0.0 0.114014862222 0.0 0.0 1.112005128
0.0 0.0 -4.37356181491 0.0 0.0 0.112333169063 0.0 0.0 1.11260462593
0.0 0.0 -4.38247967859 0.0 0.0 0.110732878498 0.0 0.0 1.1131227212
0.0 0.0 -4.39139754222 0.0 0.0 0.109214214097 0.0 0.0 1.11355919026
0.0 0.0 -4.4003154058 0.0 0.0 0.10777737959 0.0 0.0 1.11391382938
0.0 0.0 -4.40923326933 0.0 0.0 0.106422559472 0.0 0.0 1.11418645405
0.0 0.0 -4.41815113281 0.0 0.0 0.105149919552 0.0 0.0 1.11437689847
0.0 0.0 -4.42706899624 0.0 0.0 0.103959607448 0.0 0.0 1.11448501504
0.0 0.0 -4.43598685962 0.0 0.0 0.102851753026 0.0 0.0 1.11451067387
0.0 0.0 -4.44490472296 0.0 0.0 0.101826468788 0.0 0.0 1.11445376247
0.0 0.0 -4.45382258625 0.0 0.0 0.100883850204 0.0 0.0 1.11431418537
0.0 0.0 -4.46274044949 0.0 0.0 0.100023976004 0.0 0.0 1.11409186384
0.0 0.0 -4.4716583127 0.0 0.0 0.0992469084046 0.0 0.0 1.11378673567
0.0 0.0 -4.48057617586 0.0 0.0 0.0985526932993 0.0 0.0 1.11339875497
0.0 0.0 -4.48949403898 0.0 0.0 0.0979413603945 0.0 0.0 1.11292789202
0.0 0.0 -4.49841190206 0.0 0.0 0.0974129232977 0.0 0.0 1.11237413322
0.0 0.0 -4.5073297651 0.0 0.0 0.0969673795588 0.0 0.0 1.11173748103
0.0 0.0 -4.5162476281 0.0 0.0 0.0966047106619 0.0 0.0 1.11101795396
0.0 0.0 -4.52516549107 0.0 0.0 0.0963248819709 0.0 0.0 1.11021558664
0.0 0.0 -4.534083354 0.0 0.0 0.0961278426255 0.0 0.0 1.10933042995
0.0 0.0 -4.54300121689 0.0 0.0 0.0960135253899 0.0 0.0 1.1083625511
0.0 0.0 -4.55191907976 0.0 0.0 0.0959818464519 0.0 0.0 1.10731203393
0.0 0.0 -4.56083694259 0.0 0.0 0.0960327051729 0.0 0.0 1.10617897907
0.0 0.0 -4.56975480538 0.0 0.0 0.0961659837881 0.0 0.0 1.10496350428
0.0 0.0 -4.57867266815 0.0 0.0 0.0963815470554 0.0 0.0 1.10366574481
0.0 0.0 -4.58759053089 0.0 0.0 0.0966792418521 0.0 0.0 1.10228585378
0.0 0.0 -4.5965083936 0.0 0.0 0.097058896719 0.0 0.0 1.10082400265
0.0 0.0 -4.60542625628 0.0 0.0 0.0975203213494 0.0 0.0 1.09928038173
0.0 0.0 -4.61434411894 0.0 0.0 0.0980633060229 0.0 0.0 1.09765520074
0.0 0.0 -4.62326198157 0.0 0.0 0.0986876209804 0.0 0.0 1.09594868944
0.0 0.0 -4.63217984418 0.0 0.0 0.09939301574 0.0 0.0 1.09416109831
0.0 0.0 -4.64109770676 0.0 0.0 0.100179218352 0.0 0.0 1.09229269931
0.0 0.0 -4.65001556932 0.0 0.0 0.101045934586 0.0 0.0 1.09034378666
0.0 0.0 -4.65893343186 0.0 0.0 0.10199284706 0.0 0.0 1.08831467775
0.0 0.0 -4.66785129437 0.0 0.0 0.103019614287 0.0 0.0 1.08620571407
0.0 0.0 -4.67676915687 0.0 0.0 0.10412586966 0.0 0.0 1.08401726222
0.0 0.0 -4.68568701935 0.0 0.0 0.105311220359 0.0 0.0 1.08174971502
0.0 0.0 -4.6946048818 0.0 0.0 0.10657524617 0.0 0.0 1.0794034927
0.0 0.0 -4.70352274424 0.0 0.0 0.107917498232 0.0 0.0 1.0769790441
0.0 0.0 -4.71244060666 0.0 0.0 0.109337497688 0.0 0.0 1.0744768481
0.0 0.0 -4.72135846907 0.0 0.0 0.110834734243 0.0 0.0 1.07189741497
0.0 0.0 -4.73027633146 0.0 0.0 0.112408664631 0.0 0.0 1.069241288
0.0 0.0 -4.73919419383 0.0 0.0 0.114058710965 0.0 0.0 1.06650904507
0.0 0.0 -4.74811205619 0.0 0.0 0.115784258996 0.0 0.0 1.06370130042
0.0 0.0 -4.75702991854 0.0 0.0 0.117584656236 0.0 0.0 1.06081870656
0.0 0.0 -4.76594778087 0.0 0.0 0.11945920997 0.0 0.0 1.05786195618
0.0 0.0 -4.77486564319 0.0 0.0 0.121407185135 0.0 0.0 1.05483178436
0.0 0.0 -4.7837835055 0.0 0.0 0.123427802057 0.0 0.0 1.05172897077
0.0 0.0 -4.7927013678 0.0 0.0 0.125520234043 0.0 0.0 1.04855434211
0.0 0.0 -4.80161923008 0.0 0.0 0.127683604822 0.0 0.0 1.04530877464
0.0 0.0 -4.81053709236 0.0 0.0 0.129916985809 0.0 0.0 1.04199319695
0.0 0.0 -4.81945495462 0.0 0.0 0.132219393205 0.0 0.0 1.03860859285
0.0 0.0 -4.82837281688 0.0 0.0 0.134589784908 0.0 0.0 1.03515600443
0.0 0.0 -4.83729067912 0.0 0.0 0.137027057222 0.0 0.0 1.03163653538
0.0 0.0 -4.84620854136 0.0 0.0 0.139530041369 0.0 0.0 1.0280513545
0.0 0.0 -4.85512640359 0.0 0.0 0.142097499775 0.0 0.0 1.02440169935
0.0 0.0 -4.86404426581 0.0 0.0 0.144728122134 0.0 0.0 1.02068888024
0.0 0.0 -4.87296212803 0.0 0.0 0.147420521224 0.0 0.0 1.01691428439
0.0 0.0 -4.88187999023 0.0 0.0 0.150173228478 0.0 0.0 1.01307938036
0.0 0.0 -4.89079785244 0.0 0.0 0.152984689297 0.0 0.0 1.00918572277
0.0 0.0 -4.89971571463 0.0 0.0 0.155853258086 0.0 0.0 1.0052349572
0.0 0.0 -4.90863357682 0.0 0.0 0.158777193018 0.0 0.0 1.00122882549
0.0 0.0 -4.917551439 0.0 0.0 0.161754650516 0.0 0.0 0.997169171195
0.0 0.0 -4.92646930118 0.0 0.0 0.164783679441 0.0 0.0 0.993057945473
0.0 0.0 -4.93538716335 0.0 0.0 0.167862214995 0.0 0.0 0.988897213117
0.0 0.0 -4.94430502552 0.0 0.0 0.170988072334 0.0 0.0 0.98468915897
0.0 0.0 -4.95322288768 0.0 0.0 0.1741589399 0.0 0.0 0.980436094593
0.0 0.0 -4.96214074984 0.0 0.0 0.177372372475 0.0 0.0 0.976140465202
0.0 0.0 -4.97105861199 0.0 0.0 0.180625783977 0.0 0.0 0.971804856881
0.0 0.0 -4.97997647414 0.0 0.0 0.183916440022 0.0 0.0 0.967432004011
0.0 0.0 -4.98889433629 0.0 0.0 0.187241450271 0.0 0.0 0.963024796934
0.0 0.0 -4.99781219844 0.0 0.0 0.1905977606 0.0 0.0 0.958586289775
0.0 0.0 -5.00673006058 0.0 0.0 0.193982145139 0.0 0.0 0.954119708402
0.0 0.0 -5.01564792271 0.0 0.0 0.197391198236 0.0 0.0 0.949628458468
0.0 0.0 -5.02456578485 0.0 0.0 0.200821326404 0.0 0.0 0.94511613346
0.0 0.0 -5.03348364698 0.0 0.0 0.20426874033 0.0 0.0 0.940586522691
0.0 0.0 -5.04240150911 0.0 0.0 0.207729447039 0.0 0.0 0.936043619137
0.0 0.0 -5.05131937124 0.0 0.0 0.211199242307 0.0 0.0 0.931491627022
0.0 0.0 -5.06023723336 0.0 0.0 0.214673703452 0.0 0.0 0.926934969026
0.0 0.0 -5.06915509548 0.0 0.0 0.218148182625 0.0 0.0 0.922378293001
0.0 0.0 -5.0780729576 0.0 0.0 0.221617800755 0.0 0.0 0.917826478018
0.0 0.0 -5.08699081972 0.0 0.0 0.225077442315 0.0 0.0 0.913284639601
0.0 0.0 -5.09590868184 0.0 0.0 0.228521751092 0.0 0.0 0.908758133966
0.0 0.0 -5.10482654395 0.0 0.0 0.231945127155 0.0 0.0 0.904252561044
0.0 0.0 -5.11374440607 0.0 0.0 0.235341725244 0.0 0.0 0.899773766094
0.0 0.0 -5.12266226818 0.0 0.0 0.238705454814 0.0 0.0 0.895327839661
0.0 0.0 -5.13158013029 0.0 0.0 0.242029981973 0.0 0.0 0.890921115639
0.0 0.0 -5.1404979924 0.0 0.0 0.245308733582 0.0 0.0 0.886560167165
0.0 0.0 -5.14941585451 0.0 0.0 0.248534903787 0.0 0.0 0.882251800093
0.0 0.0 -5.15833371661 0.0 0.0 0.251701463255 0.0 0.0 0.878003043758
0.0 0.0 -5.16725157872 0.0 0.0 0.254801171396 0.0 0.0 0.873821138748
0.0 0.0 -5.17616944082 0.0 0.0 0.257826591846 0.0 0.0 0.869713521428
0.0 0.0 -5.18508730293 0.0 0.0 0.260770111473 0.0 0.0 0.865687804931
0.0 0.0 -5.19400516503 0.0 0.0 0.263623963137 0.0 0.0 0.861751756395
0.0 0.0 -5.20292302713 0.0 0.0 0.266380252436 0.0 0.0 0.857913270223
0.0 0.0 -5.21184088923 0.0 0.0 0.269030988582 0.0 0.0 0.854180337205
0.0 0.0 -5.22075875133 0.0 0.0 0.271568119521 0.0 0.0 0.850561009391
0.0 0.0 -5.22967661343 0.0 0.0 0.273983571349 0.0 0.0 0.847063360689
0.0 0.0 -5.23859447553 0.0 0.0 0.27626929194 0.0 0.0 0.843695443222
0.0 0.0 -5.24751233763 0.0 0.0 0.278417298671 0.0 0.0 0.840465239615
0.0 0.0 -5.25643019973 0.0 0.0 0.280419729938 0.0 0.0 0.837380611471
0.0 0.0 -5.26534806183 0.0 0.0 0.282268900078 0.0 0.0 0.834449244453
0.0 0.0 -5.27426592392 0.0 0.0 0.283957357157 0.0 0.0 0.831678590497
0.0 0.0 -5.28318378602 0.0 0.0 0.285477942924 0.0 0.0 0.829075807852
0.0 0.0 -5.29210164812 0.0 0.0 0.286823854126 0.0 0.0 0.82664769977
0.0 0.0 -5.30101951021 0.0 0.0 0.287988704206 0.0 0.0 0.824400652812
0.0 0.0 -5.30993737231 0.0 0.0 0.288966584305 0.0 0.0 0.822340575833
0.0 0.0 -5.3188552344 0.0 0.0 0.289752122419 0.0 0.0 0.820472840838
0.0 0.0 -5.32777309649 0.0 0.0 0.290340539458 0.0 0.0 0.818802226919
0.0 0.0 -5.33669095859 0.0 0.0 0.290727700968 0.0 0.0 0.817332868528
0.0 0.0 -5.34560882068 0.0 0.0 0.290910163311 0.0 0.0 0.816068209303
0.0 0.0 -5.35452668277 0.0 0.0 0.290885213132 0.0 0.0 0.815010962601
0.0 0.0 -5.36344454487 0.0 0.0 0.290650899116 0.0 0.0 0.814163079735
0.0 0.0 -5.37236240696 0.0 0.0 0.290206055191 0.0 0.0 0.813525726777
0.0 0.0 -5.38128026905 0.0 0.0 0.289550314531 0.0 0.0 0.813099270554
0.0 0.0 -5.39019813114 0.0 0.0 0.288684113985 0.0 0.0 0.812883274217
0.0 0.0 -5.39911599323 0.0 0.0 0.287608688805 0.0 0.0 0.812876502514
0.0 0.0 -5.40803385532 0.0 0.0 0.286326057818 0.0 0.0 0.813076936618
0.0 0.0 -5.41695171741 0.0 0.0 0.284838999453 0.0 0.0 0.813481798099
0.0 0.0 -5.4258695795 0.0 0.0 0.283151019275 0.0 0.0 0.814087581393
0.0 0.0 -5.4347874416 0.0 0.0 0.281266309885 0.0 0.0 0.814890093899
0.0 0.0 -5.44370530369 0.0 0.0 0.279189704215 0.0 0.0 0.815884502685
0.0 0.0 -5.45262316578 0.0 0.0 0.276926623377 0.0 0.0 0.817065386639
0.0 0.0 -5.46154102786 0.0 0.0 0.274483020279 0.0 0.0 0.818426792851
0.0 0.0 -5.47045888995 0.0 0.0 0.27186532027 0.0 0.0 0.819962295975
0.0 0.0 -5.47937675204 0.0 0.0 0.269080360022 0.0 0.0 0.821665059338
0.0 0.0 -5.48829461413 0.0 0.0 0.266135325825 0.0 0.0 0.82352789665
0.0 0.0 -5.49721247622 0.0 0.0 0.263037692359 0.0 0.0 0.82554333323
0.0 0.0 -5.50613033831 0.0 0.0 0.259795162895 0.0 0.0 0.827703665808
0.0 0.0 -5.5150482004 0.0 0.0 0.256415611732 0.0 0.0 0.830001020085
0.0 0.0 -5.52396606249 0.0 0.0 0.252907029555 0.0 0.0 0.832427405376
0.0 0.0 -5.53288392458 0.0 0.0 0.249277472228 0.0 0.0 0.834974765817
0.0 0.0 -5.54180178666 0.0 0.0 0.24553501343 0.0 0.0 0.837635027729
0.0 0.0 -5.55071964875 0.0 0.0 0.241687701375 0.0 0.0 0.840400142897
0.0 0.0 -5.55963751084 0.0 0.0 0.237743519783 0.0 0.0 0.843262127602
0.0 0.0 -5.56855537293 0.0 0.0 0.233710353125 0.0 0.0 0.846213097373
0.0 0.0 -5.57747323501 0.0 0.0 0.229595956115 0.0 0.0 0.849245297496
0.0 0.0 -5.5863910971 0.0 0.0 0.225407927318 0.0 0.0 0.852351129406
0.0 0.0 -5.59530895919 0.0 0.0 0.221153686728 0.0 0.0 0.855523173109
0.0 0.0 -5.60422682128 0.0 0.0 0.216840457077 0.0 0.0 0.858754205873
0.0 0.0 -5.61314468336 0.0 0.0 0.212475248649 0.0 0.0 0.862037217413
0.0 0.0 -5.62206254545 0.0 0.0 0.208064847328 0.0 0.0 0.865365421846
0.0 0.0 -5.63098040754 0.0 0.0 0.20361580561 0.0 0.0 0.868732266676
0.0 0.0 -5.63989826962 0.0 0.0 0.199134436294 0.0 0.0 0.872131439104
0.0 0.0 -5.64881613171 0.0 0.0 0.194626808581 0.0 0.0 0.875556869929
0.0 0.0 -5.6577339938 0.0 0.0 0.19009874631 0.0 0.0 0.879002735312
0.0 0.0 -5.66665185588 0.0 0.0 0.185555828069 0.0 0.0 0.882463456665
0.0 0.0 -5.67556971797 0.0 0.0 0.181003388942 0.0 0.0 0.885933698903
0.0 0.0 -5.68448758005 0.0 0.0 0.176446523649 0.0 0.0 0.889408367308
0.0 0.0 -5.69340544214 0.0 0.0 0.171890090872 0.0 0.0 0.892882603197
0.0 0.0 -5.70232330423 0.0 0.0 0.167338718571 0.0 0.0 0.896351778609
0.0 0.0 -5.71124116631 0.0 0.0 0.162796810102 0.0 0.0 0.89981149019
0.0 0.0 -5.7201590284 0.0 0.0 0.158268550969 0.0 0.0 0.903257552434
0.0 0.0 -5.72907689048 0.0 0.0 0.153757916079 0.0 0.0 0.906685990434
0.0 0.0 -5.73799475257 0.0 0.0 0.149268677352 0.0 0.0 0.910093032272
0.0 0.0 -5.74691261465 0.0 0.0 0.144804411573 0.0 0.0 0.913475101162
0.0 0.0 -5.75583047674 0.0 0.0 0.140368508394 0.0 0.0 0.916828807452
0.0 0.0 -5.76474833882 0.0 0.0 0.135964178386 0.0 0.0 0.920150940571
0.0 0.0 -5.77366620091 0.0 0.0 0.131594461074 0.0 0.0 0.923438460994
0.0 0.0 -5.782584063 0.0 0.0 0.127262232886 0.0 0.0 0.926688492292
0.0 0.0 -5.79150192508 0.0 0.0 0.122970214972 0.0 0.0 0.929898313317
0.0 0.0 -5.80041978717 0.0 0.0 0.118720980832 0.0 0.0 0.933065350567
0.0 0.0 -5.80933764925 0.0 0.0 0.114516963746 0.0 0.0 0.936187170763
0.0 0.0 -5.81825551133 0.0 0.0 0.11036046395 0.0 0.0 0.93926147367
0.0 0.0 -5.82717337342 0.0 0.0 0.106253655554 0.0 0.0 0.942286085176
0.0 0.0 -5.8360912355 0.0 0.0 0.102198593195 0.0 0.0 0.945258950645
0.0 0.0 -5.84500909759 0.0 0.0 0.0981972183924 0.0 0.0 0.948178128558
0.0 0.0 -5.85392695967 0.0 0.0 0.0942513656228 0.0 0.0 0.951041784438
0.0 0.0 -5.86284482176 0.0 0.0 0.0903627681042 0.0 0.0 0.953848185066
0.0 0.0 -5.87176268384 0.0 0.0 0.086533063291 0.0 0.0 0.956595692989
0.0 0.0 -5.88068054593 0.0 0.0 0.082763798087 0.0 0.0 0.959282761303
0.0 0.0 -5.88959840801 0.0 0.0 0.079056433781 0.0 0.0 0.961907928719
0.0 0.0 -5.8985162701 0.0 0.0 0.0754123507144 0.0 0.0 0.964469814896
0.0 0.0 -5.90743413218 0.0 0.0 0.0718328526889 0.0 0.0 0.966967116031
0.0 0.0 -5.91635199426 0.0 0.0 0.0683191711247 0.0 0.0 0.969398600705
0.0 0.0 -5.92526985635 0.0 0.0 0.0648724689798 0.0 0.0 0.971763105959
0.0 0.0 -5.93418771843 0.0 0.0 0.0614938444416 0.0 0.0 0.974059533607
0.0 0.0 -5.94310558052 0.0 0.0 0.0581843344014 0.0 0.0 0.976286846757
0.0 0.0 -5.9520234426 0.0 0.0 0.0549449177226 0.0 0.0 0.978444066545
0.0 0.0 -5.96094130468 0.0 0.0 0.051776518314 0.0 0.0 0.980530269063
0.0 0.0 -5.96985916677 0.0 0.0 0.0486800080188 0.0 0.0 0.982544582468
0.0 0.0 -5.97877702885 0.0 0.0 0.0456562093288 0.0 0.0 0.984486184267
0.0 0.0 -5.98769489094 0.0 0.0 0.0427058979343 0.0 0.0 0.986354298771
0.0 0.0 -5.99661275302 0.0 0.0 0.0398298051185 0.0 0.0 0.988148194696
0.0 0.0 -6.0055306151 0.0 0.0 0.0370286200058 0.0 0.0 0.989867182918
0.0 0.0 -6.01444847719 0.0 0.0 0.0343029916724 0.0 0.0 0.991510614361
0.0 0.0 -6.02336633927 0.0 0.0 0.0316535311261 0.0 0.0 0.993077878016
0.0 0.0 -6.03228420135 0.0 0.0 0.0290808131644 0.0 0.0 0.994568399087
0.0 0.0 -6.04120206344 0.0 0.0 0.0265853781161 0.0 0.0 0.995981637244
0.0 0.0 -6.05011992552 0.0 0.0 0.0241677334741 0.0 0.0 0.997317084995
0.0 0.0 -6.05903778761 0.0 0.0 0.0218283554248 0.0 0.0 0.998574266154
0.0 0.0 -6.06795564969 0.0 0.0 0.0195676902797 0.0 0.0 0.999752734408
0.0 0.0 -6.07687351177 0.0 0.0 0.0173861558143 0.0 0.0 1.00085207198
0.0 0.0 -6.08579137386 0.0 0.0 0.0152841425195 0.0 0.0 1.00187188839
0.0 0.0 -6.09470923594 0.0 0.0 0.0132620147692 0.0 0.0 1.00281181925
0.0 0.0 -6.10362709802 0.0 0.0 0.0113201119088 0.0 0.0 1.00367152521
0.0 0.0 -6.11254496011 0.0 0.0 0.00945874926709 0.0 0.0 1.00445069097
0.0 0.0 -6.12146282219 0.0 0.0 0.00767821909715 0.0 0.0 1.00514902424
0.0 0.0 -6.13038068427 0.0 0.0 0.00597879144658 0.0 0.0 1.005766255
0.0 0.0 -6.13929854636 0.0 0.0 0.0043607149621 0.0 0.0 1.0063021346
0.0 0.0 -6.14821640844 0.0 0.0 0.00282421762989 0.0 0.0 1.00675643504
0.0 0.0 -6.15713427052 0.0 0.0 0.00136950745445 0.0 0.0 1.00712894832
0.0 0.0 -6.16605213261 0.0 0.0 -3.22692201726e-06 0.0 0.0 1.00741948581
0.0 0.0 -6.17496999469 0.0 0.0 -0.00129381565785 0.0 0.0 1.00762787765
0.0 0.0 -6.18388785677 0.0 0.0 -0.00250210720603 0.0 0.0 1.00775397231
0.0 0.0 -6.19280571886 0.0 0.0 -0.00362796786271 0.0 0.0 1.00779763607
0.0 0.0 -6.20172358094 0.0 0.0 -0.00467128136872 0.0 0.0 1.00775875269
0.0 0.0 -6.21064144302 0.0 0.0 -0.00563194856307 0.0 0.0 1.00763722299
0.0 0.0 -6.21955930511 0.0 0.0 -0.0065098870872 0.0 0.0 1.00743296463
0.0 0.0 -6.22847716719 0.0 0.0 -0.00730503113939 0.0 0.0 1.00714591179
0.0 0.0 -6.23739502927 0.0 0.0 -0.00801733127848 0.0 0.0 1.00677601503
0.0 0.0 -6.24631289136 0.0 0.0 -0.00864675427626 0.0 0.0 1.00632324114
0.0 0.0 -6.25523075344 0.0 0.0 -0.00919328301839 0.0 0.0 1.00578757299
0.0 0.0 -6.26414861552 0.0 0.0 -0.0096569164533 0.0 0.0 1.00516900954
0.0 0.0 -6.27306647761 0.0 0.0 -0.010037669589 0.0 0.0 1.00446756578
0.0 0.0 -6.28198433969 0.0 0.0 -0.010335573538 0.0 0.0 1.00368327284
0.0 0.0 -6.29090220177 0.0 0.0 -0.0105506756101 0.0 0.0 1.00281617802
0.0 0.0 -6.29982006386 0.0 0.0 -0.0106830394533 0.0 0.0 1.00186634497
0.0 0.0 -6.30873792594 0.0 0.0 -0.0107327452441 0.0 0.0 1.00083385387
0.0 0.0 -6.31765578802 0.0 0.0 -0.0106998899265 0.0 0.0 0.999718801661
0.0 0.0 -6.3265736501 0.0 0.0 -0.0105845875009 0.0 0.0 0.998521302344
0.0 0.0 -6.33549151219 0.0 0.0 -0.0103869693642 0.0 0.0 0.997241487316
0.0 0.0 -6.34440937427 0.0 0.0 -0.0101071847011 0.0 0.0 0.995879505761
0.0 0.0 -6.35332723635 0.0 0.0 -0.00974540092896 0.0 0.0 0.994435525098
0.0 0.0 -6.36224509844 0.0 0.0 -0.00930180419598 0.0 0.0 0.992909731474
0.0 0.0 -6.37116296052 0.0 0.0 -0.00877659993601 0.0 0.0 0.991302330322
0.0 0.0 -6.3800808226 0.0 0.0 -0.00817001348004 0.0 0.0 0.989613546975
0.0 0.0 -6.38899868469 0.0 0.0 -0.00748229072718 0.0 0.0 0.987843627331
0.0 0.0 -6.39791654677 0.0 0.0 -0.0067136988769 0.0 0.0 0.985992838589
0.0 0.0 -6.40683440885 0.0 0.0 -0.00586452722485 0.0 0.0 0.984061470046
0.0 0.0 -6.41575227094 0.0 0.0 -0.0049350880248 0.0 0.0 0.982049833954
0.0 0.0 -6.42467013302 0.0 0.0 -0.00392571741951 0.0 0.0 0.979958266458
0.0 0.0 -6.4335879951 0.0 0.0 -0.00283677644356 0.0 0.0 0.977787128591
0.0 0.0 -6.44250585719 0.0 0.0 -0.00166865210147 0.0 0.0 0.975536807357
0.0 0.0 -6.45142371927 0.0 0.0 -0.000421758524794 0.0 0.0 0.973207716889
0.0 0.0 -6.46034158135 0.0 0.0 0.000903461787876 0.0 0.0 0.970800299685
0.0 0.0 -6.46925944343 0.0 0.0 0.00230653664361 0.0 0.0 0.968315027938
0.0 0.0 -6.47817730552 0.0 0.0 0.00378696273594 0.0 0.0 0.965752404954
0.0 0.0 -6.4870951676 0.0 0.0 0.00534420412858 0.0 0.0 0.96311296667
0.0 0.0 -6.49601302968 0.0 0.0 0.00697769063668 0.0 0.0 0.960397283271
0.0 0.0 -6.50493089177 0.0 0.0 0.00868681609955 0.0 0.0 0.957605960917
0.0 0.0 -6.51384875385 0.0 0.0 0.0104709365385 0.0 0.0 0.954739643586
0.0 0.0 -6.52276661593 0.0 0.0 0.0123293681932 0.0 0.0 0.95179901504
0.0 0.0 -6.53168447802 0.0 0.0 0.0142613854287 0.0 0.0 0.948784800913
0.0 0.0 -6.5406023401 0.0 0.0 0.0162662185057 0.0 0.0 0.945697770945
0.0 0.0 -6.54952020218 0.0 0.0 0.0183430512057 0.0 0.0 0.942538741354
0.0 0.0 -6.55843806427 0.0 0.0 0.020491018302 0.0 0.0 0.939308577366
0.0 0.0 -6.56735592635 0.0 0.0 0.0227092028676 0.0 0.0 0.936008195909
0.0 0.0 -6.57627378843 0.0 0.0 0.0249966334096 0.0 0.0 0.932638568476
0.0 0.0 -6.58519165051 0.0 0.0 0.0273522808211 0.0 0.0 0.929200724173
0.0 0.0 -6.5941095126 0.0 0.0 0.0297750551384 0.0 0.0 0.925695752964
0.0 0.0 -6.60302737468 0.0 0.0 0.0322638020945 0.0 0.0 0.922124809117
0.0 0.0 -6.61194523676 0.0 0.0 0.0348172994567 0.0 0.0 0.918489114863
0.0 0.0 -6.62086309885 0.0 0.0 0.0374342531379 0.0 0.0 0.91478996429
0.0 0.0 -6.62978096093 0.0 0.0 0.0401132930695 0.0 0.0 0.911028727467
0.0 0.0 -6.63869882301 0.0 0.0 0.042852968828 0.0 0.0 0.907206854818
0.0 0.0 -6.6476166851 0.0 0.0 0.0456517450012 0.0 0.0 0.903325881753
0.0 0.0 -6.65653454718 0.0 0.0 0.0485079962888 0.0 0.0 0.899387433574
0.0 0.0 -6.66545240926 0.0 0.0 0.0514200023258 0.0 0.0 0.895393230646
0.0 0.0 -6.67437027135 0.0 0.0 0.0543859422245 0.0 0.0 0.891345093856
0.0 0.0 -6.68328813343 0.0 0.0 0.0574038888286 0.0 0.0 0.88724495036
0.0 0.0 -6.69220599551 0.0 0.0 0.0604718026785 0.0 0.0 0.883094839619
0.0 0.0 -6.70112385759 0.0 0.0 0.0635875256868 0.0 0.0 0.878896919719
0.0 0.0 -6.71004171968 0.0 0.0 0.0667487745302 0.0 0.0 0.874653473984
0.0 0.0 -6.71895958176 0.0 0.0 0.0699531337639 0.0 0.0 0.870366917859
0.0 0.0 -6.72787744384 0.0 0.0 0.0731980486741 0.0 0.0 0.866039806058
0.0 0.0 -6.73679530593 0.0 0.0 0.0764808178867 0.0 0.0 0.861674839954
0.0 0.0 -6.74571316801 0.0 0.0 0.0797985857575 0.0 0.0 0.857274875192
0.0 0.0 -6.75463103009 0.0 0.0 0.0831483345796 0.0 0.0 0.852842929478
0.0 0.0 -6.76354889218 0.0 0.0 0.0865268766472 0.0 0.0 0.848382190519
0.0 0.0 -6.77246675426 0.0 0.0 0.0899308462291 0.0 0.0 0.843896024046
0.0 0.0 -6.78138461634 0.0 0.0 0.0933566915136 0.0 0.0 0.83938798187
0.0 0.0 -6.79030247843 0.0 0.0 0.0968006665979 0.0 0.0 0.834861809894
0.0 0.0 -6.79922034051 0.0 0.0 0.100258823609 0.0 0.0 0.830321455992
0.0 0.0 -6.80813820259 0.0 0.0 0.103727005053 0.0 0.0 0.825771077657
0.0 0.0 -6.81705606467 0.0 0.0 0.107200836514 0.0 0.0 0.821215049304
0.0 0.0 -6.82597392676 0.0 0.0 0.110675719821 0.0 0.0 0.816657969106
0.0 0.0 -6.83489178884 0.0 0.0 0.11414682684 0.0 0.0 0.812104665195
0.0 0.0 -6.84380965092 0.0 0.0 0.117609094044 0.0 0.0 0.807560201099
0.0 0.0 -6.85272751301 0.0 0.0 0.121057218049 0.0 0.0 0.803029880204
0.0 0.0 -6.86164537509 0.0 0.0 0.124485652297 0.0 0.0 0.798519249064
0.0 0.0 -6.87056323717 0.0 0.0 0.127888605126 0.0 0.0 0.794034099344
0.0 0.0 -6.87948109926 0.0 0.0 0.131260039421 0.0 0.0 0.789580468157
0.0 0.0 -6.88839896134 0.0 0.0 0.134593674125 0.0 0.0 0.785164636562
0.0 0.0 -6.89731682342 0.0 0.0 0.137882987841 0.0 0.0 0.780793125954
0.0 0.0 -6.90623468551 0.0 0.0 0.14112122481 0.0 0.0 0.776472692094
0.0 0.0 -6.91515254759 0.0 0.0 0.144301403533 0.0 0.0 0.77221031648
0.0 0.0 -6.92407040967 0.0 0.0 0.147416328318 0.0 0.0 0.768013194803
0.0 0.0 -6.93298827175 0.0 0.0 0.150458604031 0.0 0.0 0.763888722199
0.0 0.0 -6.94190613384 0.0 0.0 0.153420654305 0.0 0.0 0.759844475033
0.0 0.0 -6.95082399592 0.0 0.0 0.156294743471 0.0 0.0 0.755888188977
0.0 0.0 -6.959741858 0.0 0.0 0.159073002408 0.0 0.0 0.752027733147
0.0 0.0 -6.96865972009 0.0 0.0 0.161747458516 0.0 0.0 0.748271080148
0.0 0.0 -6.97757758217 0.0 0.0 0.164310069897 0.0 0.0 0.744626271876
0.0 0.0 -6.98649544425 0.0 0.0 0.166752763837 0.0 0.0 0.741101381044
0.0 0.0 -6.99541330634 0.0 0.0 0.169067479526 0.0 0.0 0.737704468464
0.0 0.0 -7.00433116842 0.0 0.0 0.171246214905 0.0 0.0 0.734443536194
0.0 0.0 -7.0132490305 0.0 0.0 0.173281077386 0.0 0.0 0.731326476822
0.0 0.0 -7.02216689259 0.0 0.0 0.17516433807 0.0 0.0 0.728361019247
0.0 0.0 -7.03108475467 0.0 0.0 0.176888488965 0.0 0.0 0.72555467146
0.0 0.0 -7.04000261675 0.0 0.0 0.178446302535 0.0 0.0 0.722914660999
0.0 0.0 -7.04892047883 0.0 0.0 0.179830892791 0.0 0.0 0.720447873851
0.0 0.0 -7.05783834092 0.0 0.0 0.181035776994 0.0 0.0 0.718160792757
0.0 0.0 -7.066756203 0.0 0.0 0.18205493691 0.0 0.0 0.716059435949
0.0 0.0 -7.07567406508 0.0 0.0 0.18288287847 0.0 0.0 0.714149297497
0.0 0.0 -7.08459192717 0.0 0.0 0.183514688612 0.0 0.0 0.712435290465
0.0 0.0 -7.09350978925 0.0 0.0 0.183946088054 0.0 0.0 0.710921694131
0.0 0.0 -7.10242765133 0.0 0.0 0.184173478789 0.0 0.0 0.709612106505
0.0 0.0 -7.11134551342 0.0 0.0 0.184193985099 0.0 0.0 0.708509403303
0.0 0.0 -7.1202633755 0.0 0.0 0.184005487088 0.0 0.0 0.707615704423
0.0 0.0 -7.12918123758 0.0 0.0 0.1836066458 0.0 0.0 0.70693234882
0.0 0.0 -7.13809909967 0.0 0.0 0.182996919276 0.0 0.0 0.706459878452
0.0 0.0 -7.14701696175 0.0 0.0 0.182176569096 0.0 0.0 0.706198031741
0.0 0.0 -7.15593482383 0.0 0.0 0.181146657217 0.0 0.0 0.706145746729
0.0 0.0 -7.16485268591 0.0 0.0 0.179909033203 0.0 0.0 0.706301173851
0.0 0.0 -7.173770548 0.0 0.0 0.178466312205 0.0 0.0 0.706661697957
0.0 0.0 -7.18268841008 0.0 0.0 0.176821844278 0.0 0.0 0.707223968993
0.0 0.0 -7.19160627216 0.0 0.0 0.174979675864 0.0 0.0 0.707983940516
0.0 0.0 -7.20052413425 0.0 0.0 0.172944504435 0.0 0.0 0.708936915054
0.0 0.0 -7.20944199633 0.0 0.0 0.170721627428 0.0 0.0 0.710077595169
0.0 0.0 -7.21835985841 0.0 0.0 0.168316886679 0.0 0.0 0.711400139027
0.0 0.0 -7.2272777205 0.0 0.0 0.165736609607 0.0 0.0 0.712898219208
0.0 0.0 -7.23619558258 0.0 0.0 0.162987548381 0.0 0.0 0.714565083542
0.0 0.0 -7.24511344466 0.0 0.0 0.160076818251 0.0 0.0 0.71639361678
0.0 0.0 -7.25403130675 0.0 0.0 0.157011836127 0.0 0.0 0.718376402013
0.0 0.0 -7.26294916883 0.0 0.0 0.153800260393 0.0 0.0 0.720505780856
0.0 0.0 -7.27186703091 0.0 0.0 0.150449932796 0.0 0.0 0.722773911562
0.0 0.0 -7.28078489299 0.0 0.0 0.146968823117 0.0 0.0 0.72517282435
0.0 0.0 -7.28970275508 0.0 0.0 0.143364977174 0.0 0.0 0.727694473401
0.0 0.0 -7.29862061716 0.0 0.0 0.139646468594 0.0 0.0 0.73033078509
0.0 0.0 -7.30753847924 0.0 0.0 0.135821354627 0.0 0.0 0.733073702165
0.0 0.0 -7.31645634133 0.0 0.0 0.13189763618 0.0 0.0 0.73591522372
0.0 0.0 -7.32537420341 0.0 0.0 0.127883222132 0.0 0.0 0.738847440877
0.0 0.0 -7.33429206549 0.0 0.0 0.123785897902 0.0 0.0 0.741862568216
0.0 0.0 -7.34320992758 0.0 0.0 0.119613298181 0.0 0.0 0.744952971045
0.0 0.0 -7.35212778966 0.0 0.0 0.115372883652 0.0 0.0 0.748111188683
0.0 0.0 -7.36104565174 0.0 0.0 0.111071921507 0.0 0.0 0.751329953937
0.0 0.0 -7.36996351383 0.0 0.0 0.10671746952 0.0 0.0 0.754602209032
0.0 0.0 -7.37888137591 0.0 0.0 0.102316363411 0.0 0.0 0.75792111825
0.0 0.0 -7.38779923799 0.0 0.0 0.0978752072336 0.0 0.0 0.761280077536
0.0 0.0 -7.39671710007 0.0 0.0 0.0934003665075 0.0 0.0 0.764672721371
0.0 0.0 -7.40563496216 0.0 0.0 0.088897963814 0.0 0.0 0.768092927173
0.0 0.0 -7.41455282424 0.0 0.0 0.0843738765883 0.0 0.0 0.771534817507
0.0 0.0 -7.42347068632 0.0 0.0 0.0798337368443 0.0 0.0 0.77499276036
0.0 0.0 -7.43238854841 0.0 0.0 0.0752829325814 0.0 0.0 0.778461367731
0.0 0.0 -7.44130641049 0.0 0.0 0.0707266106419 0.0 0.0 0.781935492779
0.0 0.0 -7.45022427257 0.0 0.0 0.066169680797 0.0 0.0 0.785410225733
0.0 0.0 -7.45914213466 0.0 0.0 0.0616168208604 0.0 0.0 0.788880888778
0.0 0.0 -7.46805999674 0.0 0.0 0.0570724826449 0.0 0.0 0.792343030102
0.0 0.0 -7.47697785882 0.0 0.0 0.0525408985935 0.0 0.0 0.795792417262
0.0 0.0 -7.48589572091 0.0 0.0 0.048026088933 0.0 0.0 0.799225030031
0.0 0.0 -7.49481358299 0.0 0.0 0.0435318692167 0.0 0.0 0.802637052856
0.0 0.0 -7.50373144507 0.0 0.0 0.0390618581351 0.0 0.0 0.806024867047
0.0 0.0 -7.51264930715 0.0 0.0 0.0346194854916 0.0 0.0 0.809385042799
0.0 0.0 -7.52156716924 0.0 0.0 0.0302080002506 0.0 0.0 0.812714331148
0.0 0.0 -7.53048503132 0.0 0.0 0.0258304785819 0.0 0.0 0.816009655926
0.0 0.0 -7.5394028934 0.0 0.0 0.0214898318346 0.0 0.0 0.819268105782
0.0 0.0 -7.54832075549 0.0 0.0 0.0171888143854 0.0 0.0 0.822486926339
0.0 0.0 -7.55723861757 0.0 0.0 0.012930031316 0.0 0.0 0.825663512517
0.0 0.0 -7.56615647965 0.0 0.0 0.0087159458845 0.0 0.0 0.828795401058
0.0 0.0 -7.57507434174 0.0 0.0 0.0045488867602 0.0 0.0 0.831880263291
0.0 0.0 -7.58399220382 0.0 0.0 0.000431055002554 0.0 0.0 0.834915898157
0.0 0.0 -7.5929100659 0.0 0.0 -0.0036354692325 0.0 0.0 0.8379002255
0.0 0.0 -7.60182792799 0.0 0.0 -0.00764872026847 0.0 0.0 0.840831279645
0.0 0.0 -7.61074579007 0.0 0.0 -0.011606840772 0.0 0.0 0.843707203257
0.0 0.0 -7.61966365215 0.0 0.0 -0.0155080759065 0.0 0.0 0.8465262415
0.0 0.0 -7.62858151423 0.0 0.0 -0.0193507677735 0.0 0.0 0.849286736476
0.0 0.0 -7.63749937632 0.0 0.0 -0.0231333501392 0.0 0.0 0.85198712195
0.0 0.0 -7.6464172384 0.0 0.0 -0.0268543434384 0.0 0.0 0.854625918358
0.0 0.0 -7.65533510048 0.0 0.0 -0.0305123500495 0.0 0.0 0.857201728078
0.0 0.0 -7.66425296257 0.0 0.0 -0.034106049831 0.0 0.0 0.859713230968
0.0 0.0 -7.67317082465 0.0 0.0 -0.0376341959095 0.0 0.0 0.862159180155
0.0 0.0 -7.68208868673 0.0 0.0 -0.0410956107091 0.0 0.0 0.864538398063
0.0 0.0 -7.69100654882 0.0 0.0 -0.0444891822114 0.0 0.0 0.866849772674
0.0 0.0 -7.6999244109 0.0 0.0 -0.0478138604345 0.0 0.0 0.869092254006
0.0 0.0 -7.70884227298 0.0 0.0 -0.0510686541203 0.0 0.0 0.8712648508
0.0 0.0 -7.71776013507 0.0 0.0 -0.05425262762 0.0 0.0 0.873366627409
0.0 0.0 -7.72667799715 0.0 0.0 -0.0573648979657 0.0 0.0 0.875396700863
0.0 0.0 -7.73559585923 0.0 0.0 -0.0604046321187 0.0 0.0 0.877354238125
0.0 0.0 -7.74451372131 0.0 0.0 -0.063371044385 0.0 0.0 0.8792384535
0.0 0.0 -7.7534315834 0.0 0.0 -0.0662633939871 0.0 0.0 0.88104860621
0.0 0.0 -7.76234944548 0.0 0.0 -0.0690809827851 0.0 0.0 0.882783998117
0.0 0.0 -7.77126730756 0.0 0.0 -0.0718231531364 0.0 0.0 0.884443971577
0.0 0.0 -7.78018516965 0.0 0.0 -0.0744892858883 0.0 0.0 0.886027907437
0.0 0.0 -7.78910303173 0.0 0.0 -0.0770787984936 0.0 0.0 0.887535223151
0.0 0.0 -7.79802089381 0.0 0.0 -0.0795911432445 0.0 0.0 0.888965371011
0.0 0.0 -7.8069387559 0.0 0.0 -0.0820258056163 0.0 0.0 0.890317836491
0.0 0.0 -7.81585661798 0.0 0.0 -0.0843823027161 0.0 0.0 0.8915921367
0.0 0.0 -7.82477448006 0.0 0.0 -0.0866601818302 0.0 0.0 0.892787818922
0.0 0.0 -7.83369234215 0.0 0.0 -0.0888590190654 0.0 0.0 0.893904459266
0.0 0.0 -7.84261020423 0.0 0.0 -0.090978418079 0.0 0.0 0.894941661388
0.0 0.0 -7.85152806631 0.0 0.0 -0.0930180088932 0.0 0.0 0.895899055311
0.0 0.0 -7.86044592839 0.0 0.0 -0.0949774467896 0.0 0.0 0.896776296316
0.0 0.0 -7.86936379048 0.0 0.0 -0.0968564112809 0.0 0.0 0.897573063916
0.0 0.0 -7.87828165256 0.0 0.0 -0.098654605155 0.0 0.0 0.898289060899
0.0 0.0 -7.88719951464 0.0 0.0 -0.100371753589 0.0 0.0 0.898924012442
0.0 0.0 -7.89611737673 0.0 0.0 -0.102007603332 0.0 0.0 0.899477665293
0.0 0.0 -7.90503523881 0.0 0.0 -0.103561921948 0.0 0.0 0.899949787018
0.0 0.0 -7.91395310089 0.0 0.0 -0.105034497128 0.0 0.0 0.900340165307
0.0 0.0 -7.92287096298 0.0 0.0 -0.106425136054 0.0 0.0 0.900648607341
0.0 0.0 -7.93178882506 0.0 0.0 -0.107733664826 0.0 0.0 0.900874939221
0.0 0.0 -7.94070668714 0.0 0.0 -0.108959927945 0.0 0.0 0.901019005449
0.0 0.0 -7.94962454923 0.0 0.0 -0.110103787849 0.0 0.0 0.901080668462
0.0 0.0 -7.95854241131 0.0 0.0 -0.111165124504 0.0 0.0 0.901059808226
0.0 0.0 -7.96746027339 0.0 0.0 -0.112143835045 0.0 0.0 0.900956321875
0.0 0.0 -7.97637813547 0.0 0.0 -0.113039833468 0.0 0.0 0.900770123406
0.0 0.0 -7.98529599756 0.0 0.0 -0.113853050377 0.0 0.0 0.900501143424
0.0 0.0 -7.99421385964 0.0 0.0 -0.114583432775 0.0 0.0 0.900149328931
0.0 0.0 -8.00313172172 0.0 0.0 -0.115230943906 0.0 0.0 0.899714643171
0.0 0.0 -8.01204958381 0.0 0.0 -0.115795563145 0.0 0.0 0.899197065518
0.0 0.0 -8.02096744589 0.0 0.0 -0.116277285937 0.0 0.0 0.898596591419
0.0 0.0 -8.02988530797 0.0 0.0 -0.116676123783 0.0 0.0 0.897913232373
0.0 0.0 -8.03880317006 0.0 0.0 -0.116992104275 0.0 0.0 0.897147015974
