0.0 0.0 0.0 0.0 0.0 0.7414 0.0 0.0 2.0
0.0 0.0 6.39610597903e-06 0.0 0.0 0.741376710541 0.0 0.0 1.90001689345
0.0 0.0 1.42457632054e-05 0.0 0.0 0.741330487574 0.0 0.0 1.80005526702
0.0 0.0 1.57805061723e-05 0.0 0.0 0.741263548193 0.0 0.0 1.70012067221
0.0 0.0 -1.41632716266e-06 0.0 0.0 0.741181481441 0.0 0.0 1.60021993689
0.0 0.0 -5.69907548941e-05 0.0 0.0 0.741094066621 0.0 0.0 1.50036292792
0.0 0.0 -0.000178315148487 0.0 0.0 0.741007577787 0.0 0.0 1.40057074307
0.0 0.0 -0.000395299757135 0.0 0.0 0.740901240928 0.0 0.0 1.30089406606
0.0 0.0 -0.000736300395584 0.0 0.0 0.740697551668 0.0 0.0 1.20143875698
0.0 0.0 -0.00122826103214 0.0 0.0 0.740215279413 0.0 0.0 1.10241299045
0.0 0.0 -0.00189823403102 0.0 0.0 0.739050437391 0.0 0.0 1.00424780559
0.0 0.0 -0.00277526629493 0.0 0.0 0.736206820272 0.0 0.0 0.907968454626
0.0 0.0 -0.0038933342596 0.0 0.0 0.728622190885 0.0 0.0 0.816671151194
0.0 0.0 -0.00501140222427 0.0 0.0 0.721037561499 0.0 0.0 0.725373847761
0.0 0.0 -0.00612947018894 0.0 0.0 0.713452932113 0.0 0.0 0.634076544329
0.0 0.0 -0.00724753815361 0.0 0.0 0.705868302727 0.0 0.0 0.542779240897
0.0 0.0 -0.0089203361517 0.0 0.0 0.703970004169 0.0 0.0 0.446350335698
0.0 0.0 -0.0113450027849 0.0 0.0 0.704282494474 0.0 0.0 0.348462509397
0.0 0.0 -0.0149040387517 0.0 0.0 0.705753418867 0.0 0.0 0.250550618319
0.0 0.0 -0.0205323138322 0.0 0.0 0.707967073241 0.0 0.0 0.15396523721
0.0 0.0 -0.031094123125 0.0 0.0 0.710713877255 0.0 0.0 0.0617802416251
0.0 0.0 -0.0416559324177 0.0 0.0 0.713460681269 0.0 0.0 -0.0304047539602
0.0 0.0 -0.0522177417104 0.0 0.0 0.716207485283 0.0 0.0 -0.122589749546
0.0 0.0 -0.0627795510032 0.0 0.0 0.718954289297 0.0 0.0 -0.214774745131
0.0 0.0 -0.0671168586298 0.0 0.0 0.721911364505 0.0 0.0 -0.313394513242
0.0 0.0 -0.0694027278432 0.0 0.0 0.72504595316 0.0 0.0 -0.414243232826
0.0 0.0 -0.0708718426283 0.0 0.0 0.728330769786 0.0 0.0 -0.516058934419
0.0 0.0 -0.0720028836108 0.0 0.0 0.731740935651 0.0 0.0 -0.618338058649
0.0 0.0 -0.0730083281645 0.0 0.0 0.73525231282 0.0 0.0 -0.720843990148
0.0 0.0 -0.0739835678555 0.0 0.0 0.7388399862 0.0 0.0 -0.823456422162
0.0 0.0 -0.0749605264115 0.0 0.0 0.742476545237 0.0 0.0 -0.926116020469
0.0 0.0 -0.0759317092404 0.0 0.0 0.746131744832 0.0 0.0 -1.0288000355
0.0 0.0 -0.0768752654773 0.0 0.0 0.749779230891 0.0 0.0 -1.13150396448
