0.0 0.0 0.0 0.0 0.0 0.7414 0.0 0.0 2.0
0.0 0.0 6.39610597903e-06 0.0 0.0 0.741376710541 0.0 0.0 1.99501689345
0.0 0.0 1.89768969355e-05 0.0 0.0 0.74133013496 0.0 0.0 1.99005088843
0.0 0.0 3.75137400563e-05 0.0 0.0 0.741260292195 0.0 0.0 1.98510219465
0.0 0.0 6.17609227517e-05 0.0 0.0 0.741167216627 0.0 0.0 1.98017102343
0.0 0.0 9.14557954903e-05 0.0 0.0 0.741050957913 0.0 0.0 1.97525758778
0.0 0.0 0.000126318925532 0.0 0.0 0.740911580807 0.0 0.0 1.97036210237
0.0 0.0 0.000166054261702 0.0 0.0 0.740749164975 0.0 0.0 1.96548478359
0.0 0.0 0.00021034931033 0.0 0.0 0.740563804794 0.0 0.0 1.96062584956
0.0 0.0 0.000258875322536 0.0 0.0 0.740355609143 0.0 0.0 1.95578552015
0.0 0.0 0.00031128749301 0.0 0.0 0.740124701182 0.0 0.0 1.95096401702
0.0 0.0 0.000367225170495 0.0 0.0 0.739871218119 0.0 0.0 1.94616156361
0.0 0.0 0.000426312080151 0.0 0.0 0.739595310975 0.0 0.0 1.94137838516
0.0 0.0 0.000488156558019 0.0 0.0 0.739297144324 0.0 0.0 1.93661470879
0.0 0.0 0.000552351797797 0.0 0.0 0.738976896035 0.0 0.0 1.93187076342
0.0 0.0 0.000618476110144 0.0 0.0 0.738634756998 0.0 0.0 1.92714677987
0.0 0.0 0.000686093194744 0.0 0.0 0.738270930838 0.0 0.0 1.9224429908
0.0 0.0 0.000754752425357 0.0 0.0 0.737885633619 0.0 0.0 1.91775963079
0.0 0.0 0.000823989148093 0.0 0.0 0.737479093543 0.0 0.0 1.91309693629
0.0 0.0 0.000893324993128 0.0 0.0 0.73705155063 0.0 0.0 1.90845514565
0.0 0.0 0.000962268200104 0.0 0.0 0.736603256391 0.0 0.0 1.90383449913
0.0 0.0 0.00103031395743 0.0 0.0 0.73613447349 0.0 0.0 1.89923523887
0.0 0.0 0.00109694475568 0.0 0.0 0.735645475398 0.0 0.0 1.89465760892
0.0 0.0 0.00116163075534 0.0 0.0 0.735136546032 0.0 0.0 1.8901018552
0.0 0.0 0.0012238301691 0.0 0.0 0.734607979381 0.0 0.0 1.88556822552
0.0 0.0 0.00128298965873 0.0 0.0 0.734060079134 0.0 0.0 1.88105696953
0.0 0.0 0.00133854474701 0.0 0.0 0.733493158278 0.0 0.0 1.87656833872
0.0 0.0 0.00138992024451 0.0 0.0 0.732907538707 0.0 0.0 1.87210258639
0.0 0.0 0.00143653069161 0.0 0.0 0.732303550798 0.0 0.0 1.86765996763
0.0 0.0 0.00147778081574 0.0 0.0 0.731681532997 0.0 0.0 1.86324073926
0.0 0.0 0.00151306600396 0.0 0.0 0.731041831381 0.0 0.0 1.85884515984
0.0 0.0 0.0015417727909 0.0 0.0 0.730384799214 0.0 0.0 1.85447348955
0.0 0.0 0.00156327936211 0.0 0.0 0.729710796495 0.0 0.0 1.85012599023
0.0 0.0 0.00157695607275 0.0 0.0 0.729020189494 0.0 0.0 1.84580292525
0.0 0.0 0.00158216598167 0.0 0.0 0.728313350276 0.0 0.0 1.84150455948
0.0 0.0 0.00157826540065 0.0 0.0 0.727590656219 0.0 0.0 1.83723115925
0.0 0.0 0.0015646044588 0.0 0.0 0.726852489522 0.0 0.0 1.83298299223
0.0 0.0 0.00154052768178 0.0 0.0 0.726099236703 0.0 0.0 1.82876032738
0.0 0.0 0.00150537458583 0.0 0.0 0.725331288087 0.0 0.0 1.82456343486
0.0 0.0 0.00145848028611 0.0 0.0 0.724549037289 0.0 0.0 1.82039258595
0.0 0.0 0.00139917611914 0.0 0.0 0.723752880687 0.0 0.0 1.81624805293
0.0 0.0 0.00132679027899 0.0 0.0 0.722943216885 0.0 0.0 1.81213010901
0.0 0.0 0.00124064846663 0.0 0.0 0.722120446175 0.0 0.0 1.8080390282
0.0 0.0 0.00114007455212 0.0 0.0 0.721284969985 0.0 0.0 1.80397508521
0.0 0.0 0.00102439124896 0.0 0.0 0.720437190326 0.0 0.0 1.79993855532
0.0 0.0 0.000892920800007 0.0 0.0 0.719577509234 0.0 0.0 1.79592971425
0.0 0.0 0.000744985674298 0.0 0.0 0.718706328201 0.0 0.0 1.79194883804
0.0 0.0 0.000579909274026 0.0 0.0 0.717824047608 0.0 0.0 1.78799620292
0.0 0.0 0.000397016650841 0.0 0.0 0.716931066156 0.0 0.0 1.78407208514
0.0 0.0 0.000195635230613 0.0 0.0 0.716027780282 0.0 0.0 1.78017676083
0.0 0.0 -2.49044542774e-05 0.0 0.0 0.71511458359 0.0 0.0 1.77631050586
0.0 0.0 -0.00026526802613 0.0 0.0 0.71419186627 0.0 0.0 1.77247359568
0.0 0.0 -0.000526116517663 0.0 0.0 0.713260014518 0.0 0.0 1.76866630512
0.0 0.0 -0.000808105623421 0.0 0.0 0.712319409963 0.0 0.0 1.76488890825
0.0 0.0 -0.00111188494804 0.0 0.0 0.711370429085 0.0 0.0 1.7611416782
0.0 0.0 -0.00143809725262 0.0 0.0 0.710413442649 0.0 0.0 1.75742488697
0.0 0.0 -0.00178737770048 0.0 0.0 0.709448815134 0.0 0.0 1.75373880525
0.0 0.0 -0.00216035310371 0.0 0.0 0.708476904169 0.0 0.0 1.75008370222
0.0 0.0 -0.00255764117178 0.0 0.0 0.707498059976 0.0 0.0 1.74645984537
0.0 0.0 -0.00297984976384 0.0 0.0 0.706512624821 0.0 0.0 1.74286750031
0.0 0.0 -0.00342757614601 0.0 0.0 0.705520932476 0.0 0.0 1.73930693053
0.0 0.0 -0.00390140625529 0.0 0.0 0.704523307682 0.0 0.0 1.73577839723
0.0 0.0 -0.00440191397159 0.0 0.0 0.703520065637 0.0 0.0 1.7322821591
0.0 0.0 -0.00492966039941 0.0 0.0 0.702511511481 0.0 0.0 1.7288184721
0.0 0.0 -0.00548519316083 0.0 0.0 0.701497939809 0.0 0.0 1.72538758926
0.0 0.0 -0.00606904570138 0.0 0.0 0.700479634191 0.0 0.0 1.72198976048
0.0 0.0 -0.00668173661027 0.0 0.0 0.699456866706 0.0 0.0 1.71862523224
0.0 0.0 -0.00732376895675 0.0 0.0 0.698429897505 0.0 0.0 1.71529424749
0.0 0.0 -0.00799562964405 0.0 0.0 0.697398974376 0.0 0.0 1.71199704534
0.0 0.0 -0.00869778878246 0.0 0.0 0.696364332347 0.0 0.0 1.70873386088
0.0 0.0 -0.00943069908319 0.0 0.0 0.695326193294 0.0 0.0 1.70550492494
0.0 0.0 -0.0101947952743 0.0 0.0 0.694284765582 0.0 0.0 1.70231046389
0.0 0.0 -0.0109904935404 0.0 0.0 0.693240243725 0.0 0.0 1.6991506994
0.0 0.0 -0.0118181909873 0.0 0.0 0.692192808069 0.0 0.0 1.69602584825
0.0 0.0 -0.0126782651331 0.0 0.0 0.691142624505 0.0 0.0 1.69293612205
0.0 0.0 -0.0135710734275 0.0 0.0 0.690089844203 0.0 0.0 1.6898817271
0.0 0.0 -0.0144969527966 0.0 0.0 0.689034603373 0.0 0.0 1.68686286412
0.0 0.0 -0.015456219225 0.0 0.0 0.68797702306 0.0 0.0 1.68387972804
0.0 0.0 -0.0164491673589 0.0 0.0 0.68691720896 0.0 0.0 1.68093250782
0.0 0.0 -0.0174760701519 0.0 0.0 0.685855251265 0.0 0.0 1.67802138622
0.0 0.0 -0.0185371785344 0.0 0.0 0.684791224543 0.0 0.0 1.67514653962
0.0 0.0 -0.0196327211218 0.0 0.0 0.683725187643 0.0 0.0 1.67230813778
0.0 0.0 -0.0207629039548 0.0 0.0 0.682657183629 0.0 0.0 1.66950634368
0.0 0.0 -0.0219279102747 0.0 0.0 0.681587239746 0.0 0.0 1.66674131333
0.0 0.0 -0.0231279003343 0.0 0.0 0.680515367415 0.0 0.0 1.66401319555
0.0 0.0 -0.0243630112434 0.0 0.0 0.679441562257 0.0 0.0 1.66132213185
0.0 0.0 -0.0256333568494 0.0 0.0 0.678365804148 0.0 0.0 1.65866825618
0.0 0.0 -0.0269390276541 0.0 0.0 0.6772880573 0.0 0.0 1.65605169486
0.0 0.0 -0.0282800907674 0.0 0.0 0.676208270373 0.0 0.0 1.65347256633
0.0 0.0 -0.0296565898927 0.0 0.0 0.675126376615 0.0 0.0 1.65093098105
0.0 0.0 -0.0310685453495 0.0 0.0 0.674042294028 0.0 0.0 1.64842704135
0.0 0.0 -0.0325159541303 0.0 0.0 0.672955925558 0.0 0.0 1.64596084126
0.0 0.0 -0.0339987899909 0.0 0.0 0.671867159319 0.0 0.0 1.64353246645
0.0 0.0 -0.0355170035739 0.0 0.0 0.670775868832 0.0 0.0 1.64114199403
0.0 0.0 -0.0370705225653 0.0 0.0 0.66968191329 0.0 0.0 1.6387894925
0.0 0.0 -0.0386592518821 0.0 0.0 0.66858513785 0.0 0.0 1.63647502163
0.0 0.0 -0.0402830738906 0.0 0.0 0.667485373939 0.0 0.0 1.63419863235
0.0 0.0 -0.0419418486542 0.0 0.0 0.666382439584 0.0 0.0 1.63196036671
0.0 0.0 -0.0436354142103 0.0 0.0 0.66527613976 0.0 0.0 1.62976025777
0.0 0.0 -0.0453635868734 0.0 0.0 0.664166266751 0.0 0.0 1.62759832957
0.0 0.0 -0.0471261615649 0.0 0.0 0.66305260053 0.0 0.0 1.62547459706
0.0 0.0 -0.0489229121675 0.0 0.0 0.661934909152 0.0 0.0 1.62338906607
0.0 0.0 -0.0507535919021 0.0 0.0 0.660812949158 0.0 0.0 1.62134173329
0.0 0.0 -0.0526179337274 0.0 0.0 0.659686465984 0.0 0.0 1.61933258623
0.0 0.0 -0.054515650759 0.0 0.0 0.658555194394 0.0 0.0 1.61736160326
0.0 0.0 -0.0564464367082 0.0 0.0 0.6574188589 0.0 0.0 1.61542875358
0.0 0.0 -0.0584099663371 0.0 0.0 0.656277174204 0.0 0.0 1.61353399726
0.0 0.0 -0.0604058959301 0.0 0.0 0.655129845634 0.0 0.0 1.61167728524
0.0 0.0 -0.0624338637796 0.0 0.0 0.653976569586 0.0 0.0 1.60985855944
0.0 0.0 -0.064493490684 0.0 0.0 0.652817033964 0.0 0.0 1.60807775275
0.0 0.0 -0.0665843804572 0.0 0.0 0.651650918622 0.0 0.0 1.60633478913
0.0 0.0 -0.0687061204478 0.0 0.0 0.650477895801 0.0 0.0 1.60462958369
0.0 0.0 -0.0708582820661 0.0 0.0 0.649297630564 0.0 0.0 1.6029620428
0.0 0.0 -0.0730404213184 0.0 0.0 0.648109781221 0.0 0.0 1.60133206413
0.0 0.0 -0.0752520793462 0.0 0.0 0.646913999754 0.0 0.0 1.59973953687
0.0 0.0 -0.0774927829694 0.0 0.0 0.645709932228 0.0 0.0 1.59818434176
0.0 0.0 -0.0797620452327 0.0 0.0 0.644497219195 0.0 0.0 1.5966663513
0.0 0.0 -0.0820593659525 0.0 0.0 0.643275496088 0.0 0.0 1.59518542988
0.0 0.0 -0.084384232265 0.0 0.0 0.642044393605 0.0 0.0 1.59374143395
0.0 0.0 -0.0867361191728 0.0 0.0 0.640803538072 0.0 0.0 1.59233421217
0.0 0.0 -0.0891144900895 0.0 0.0 0.639552551808 0.0 0.0 1.59096360565
0.0 0.0 -0.0915187973814 0.0 0.0 0.638291053461 0.0 0.0 1.58962944812
0.0 0.0 -0.0939484829058 0.0 0.0 0.63701865834 0.0 0.0 1.58833156611
0.0 0.0 -0.0964029785434 0.0 0.0 0.635734978722 0.0 0.0 1.58706977924
0.0 0.0 -0.0988817067266 0.0 0.0 0.634439624155 0.0 0.0 1.5858439004
0.0 0.0 -0.10138408096 0.0 0.0 0.633132201736 0.0 0.0 1.58465373599
0.0 0.0 -0.103909506335 0.0 0.0 0.631812316375 0.0 0.0 1.5834990862
0.0 0.0 -0.106457380037 0.0 0.0 0.630479571045 0.0 0.0 1.58237974524
0.0 0.0 -0.109027091845 0.0 0.0 0.629133567012 0.0 0.0 1.58129550164
0.0 0.0 -0.11161802462 0.0 0.0 0.627773904053 0.0 0.0 1.58024613848
0.0 0.0 -0.114229554791 0.0 0.0 0.626400180651 0.0 0.0 1.5792314337
0.0 0.0 -0.116861052824 0.0 0.0 0.625011994186 0.0 0.0 1.57825116039
0.0 0.0 -0.11951188369 0.0 0.0 0.623608941095 0.0 0.0 1.5773050871
0.0 0.0 -0.122181407316 0.0 0.0 0.622190617029 0.0 0.0 1.57639297809
0.0 0.0 -0.124868979035 0.0 0.0 0.62075661699 0.0 0.0 1.57551459371
0.0 0.0 -0.127573950019 0.0 0.0 0.619306535458 0.0 0.0 1.57466969064
0.0 0.0 -0.130295667711 0.0 0.0 0.617839966499 0.0 0.0 1.57385802226
0.0 0.0 -0.133033476239 0.0 0.0 0.616356503866 0.0 0.0 1.57307933896
0.0 0.0 -0.13578671683 0.0 0.0 0.614855741085 0.0 0.0 1.57233338844
0.0 0.0 -0.138554728208 0.0 0.0 0.613337271536 0.0 0.0 1.57161991603
0.0 0.0 -0.141336846993 0.0 0.0 0.611800688516 0.0 0.0 1.57093866507
0.0 0.0 -0.14413240808 0.0 0.0 0.610245585299 0.0 0.0 1.57028937717
0.0 0.0 -0.146940745025 0.0 0.0 0.608671555194 0.0 0.0 1.56967179259
0.0 0.0 -0.149761190411 0.0 0.0 0.607078191583 0.0 0.0 1.56908565053
0.0 0.0 -0.152593076216 0.0 0.0 0.605465087969 0.0 0.0 1.56853068945
0.0 0.0 -0.155435734175 0.0 0.0 0.603831838011 0.0 0.0 1.56800664745
0.0 0.0 -0.15828849613 0.0 0.0 0.602178035563 0.0 0.0 1.5675132625
0.0 0.0 -0.161150694386 0.0 0.0 0.600503274709 0.0 0.0 1.56705027283
0.0 0.0 -0.164021662051 0.0 0.0 0.598807149798 0.0 0.0 1.5666174172
0.0 0.0 -0.166900733383 0.0 0.0 0.597089255487 0.0 0.0 1.56621443521
0.0 0.0 -0.169787244132 0.0 0.0 0.595349186781 0.0 0.0 1.5658410676
0.0 0.0 -0.172680531873 0.0 0.0 0.593586539082 0.0 0.0 1.56549705654
0.0 0.0 -0.175579936347 0.0 0.0 0.591800908245 0.0 0.0 1.56518214592
0.0 0.0 -0.178484799796 0.0 0.0 0.589991890642 0.0 0.0 1.56489608162
0.0 0.0 -0.181394467302 0.0 0.0 0.588159083232 0.0 0.0 1.56463861174
0.0 0.0 -0.184308287121 0.0 0.0 0.586302083649 0.0 0.0 1.56440948691
0.0 0.0 -0.187225611023 0.0 0.0 0.584420490297 0.0 0.0 1.5642084605
0.0 0.0 -0.190145794633 0.0 0.0 0.582513902459 0.0 0.0 1.56403528884
0.0 0.0 -0.193068197775 0.0 0.0 0.580581920426 0.0 0.0 1.56388973147
0.0 0.0 -0.195992184819 0.0 0.0 0.578624145639 0.0 0.0 1.5637715513
0.0 0.0 -0.198917125028 0.0 0.0 0.576640180844 0.0 0.0 1.56368051486
0.0 0.0 -0.201842392919 0.0 0.0 0.574629630279 0.0 0.0 1.56361639243
0.0 0.0 -0.204767368617 0.0 0.0 0.572592099866 0.0 0.0 1.56357895819
0.0 0.0 -0.207691438221 0.0 0.0 0.57052719743 0.0 0.0 1.56356799042
0.0 0.0 -0.21061399418 0.0 0.0 0.568434532947 0.0 0.0 1.56358327159
0.0 0.0 -0.213534435661 0.0 0.0 0.566313718797 0.0 0.0 1.56362458848
0.0 0.0 -0.216452168941 0.0 0.0 0.56416437006 0.0 0.0 1.56369173229
0.0 0.0 -0.219366607789 0.0 0.0 0.561986104816 0.0 0.0 1.56378449869
0.0 0.0 -0.22227717387 0.0 0.0 0.559778544487 0.0 0.0 1.56390268793
0.0 0.0 -0.225183297141 0.0 0.0 0.557541314187 0.0 0.0 1.56404610484
0.0 0.0 -0.22808441627 0.0 0.0 0.555274043112 0.0 0.0 1.56421455889
0.0 0.0 -0.230979979048 0.0 0.0 0.552976364935 0.0 0.0 1.56440786418
0.0 0.0 -0.233869442814 0.0 0.0 0.550647918248 0.0 0.0 1.56462583947
0.0 0.0 -0.236752274892 0.0 0.0 0.548288347007 0.0 0.0 1.56486830811
0.0 0.0 -0.239627953026 0.0 0.0 0.545897301013 0.0 0.0 1.56513509804
0.0 0.0 -0.242495965827 0.0 0.0 0.543474436412 0.0 0.0 1.56542604172
0.0 0.0 -0.245355813228 0.0 0.0 0.541019416219 0.0 0.0 1.56574097605
0.0 0.0 -0.248207006938 0.0 0.0 0.538531910858 0.0 0.0 1.56607974231
0.0 0.0 -0.251049070909 0.0 0.0 0.536011598733 0.0 0.0 1.56644218605
0.0 0.0 -0.253881541811 0.0 0.0 0.533458166807 0.0 0.0 1.56682815697
0.0 0.0 -0.256703969501 0.0 0.0 0.530871311209 0.0 0.0 1.56723750877
0.0 0.0 -0.259515917507 0.0 0.0 0.528250737851 0.0 0.0 1.56767009908
0.0 0.0 -0.262316963512 0.0 0.0 0.525596163069 0.0 0.0 1.56812578923
0.0 0.0 -0.265106699848 0.0 0.0 0.522907314272 0.0 0.0 1.56860444413
