0.0 0.0 0.0 0.0 0.1 1.0 0.0 0.1 -1.0
0.0 -2.1033638398e-06 -1.52564549332e-16 0.0 0.100016694456 0.99995547281 0.0 0.100016694456 -0.99995547281
0.0 -6.31054709607e-06 7.62822726664e-17 0.0 0.100050086984 0.999866439638 0.0 0.100050086984 -0.999866439639
0.0 -1.26224613452e-05 -4.21078152398e-14 0.0 0.10010018482 0.999732942908 0.0 0.100100184819 -0.999732942911
0.0 -2.10404750077e-05 -1.33799108565e-13 0.0 0.100166998824 0.999555046274 0.0 0.100166998826 -0.999555046278
0.0 -3.15664146531e-05 -1.7491525424e-13 0.0 0.100250543496 0.999332834644 0.0 0.100250543498 -0.999332834649
0.0 -4.42025666754e-05 -2.50816116851e-13 0.0 0.100350836981 0.99906641421 0.0 0.100350836987 -0.999066414214
0.0 -5.89516794342e-05 -3.26716979461e-13 0.0 0.100467901096 0.998755912483 0.0 0.100467901103 -0.998755912486
0.0 -7.58169658088e-05 -4.25807653363e-13 0.0 0.100601761338 0.998401478344 0.0 0.100601761347 -0.998401478344
0.0 -9.4802106122e-05 -5.25279738636e-13 0.0 0.100752446919 0.99800328209 0.0 0.100752446929 -0.998003282087
0.0 -0.000115911251837 -6.03316504921e-13 0.0 0.100919990789 0.997561515495 0.0 0.1009199908 -0.997561515486
0.0 -0.000139149029041 -6.33448003148e-13 0.0 0.101104429665 0.997076391871 0.0 0.101104429676 -0.997076391859
0.0 -0.000164520542938 -7.27427764693e-13 0.0 0.101305804067 0.996548146145 0.0 0.101305804078 -0.996548146128
0.0 -0.000192031382527 -8.65880091966e-13 0.0 0.101524158355 0.995977034931 0.0 0.101524158367 -0.99597703491
0.0 -0.000221687625769 -1.02637799642e-12 0.0 0.10175954077 0.995363336614 0.0 0.10175954078 -0.995363336589
0.0 -0.000253495845215 -1.25987803707e-12 0.0 0.102012003479 0.994707351435 0.0 0.102012003489 -0.994707351407
0.0 -0.000287463113983 -1.4650010718e-12 0.0 0.10228160262 0.994009401583 0.0 0.102281602629 -0.994009401553
0.0 -0.00032359701228 -1.70178125024e-12 0.0 0.102568398358 0.993269831291 0.0 0.102568398364 -0.99326983126
0.0 -0.000361905634176 -1.96930318509e-12 0.0 0.102872454934 0.992489006934 0.0 0.102872454938 -0.992489006902
0.0 -0.000402397595251 -2.25170016336e-12 0.0 0.103193840732 0.991667317128 0.0 0.103193840734 -0.991667317096
0.0 -0.000445082040231 -2.52166313098e-12 0.0 0.103532628332 0.990805172836 0.0 0.103532628331 -0.990805172803
0.0 -0.00048996865119 -2.81863002359e-12 0.0 0.103888894582 0.989903007469 0.0 0.103888894577 -0.989903007436
0.0 -0.000537067656468 -3.07860001331e-12 0.0 0.104262720663 0.988961276995 0.0 0.104262720654 -0.988961276964
0.0 -0.000586389839573 -3.3378071803e-12 0.0 0.104654192165 0.987980460043 0.0 0.104654192152 -0.987980460015
0.0 -0.000637946548896 -3.53629365719e-12 0.0 0.105063399158 0.986961058004 0.0 0.105063399141 -0.98696105798
0.0 -0.000691749707662 -3.76094495406e-12 0.0 0.105490436278 0.985903595139 0.0 0.105490436257 -0.985903595119
0.0 -0.000747811824508 -3.98544368638e-12 0.0 0.105935402806 0.984808618672 0.0 0.105935402781 -0.984808618658
0.0 -0.000806146004358 -4.20887446687e-12 0.0 0.106398402757 0.98367669889 0.0 0.106398402727 -0.98367669888
0.0 -0.000866765959703 -4.4307033196e-12 0.0 0.106879544965 0.982508429229 0.0 0.106879544931 -0.982508429225
0.0 -0.000929686022475 -4.59577816049e-12 0.0 0.107378943183 0.981304426366 0.0 0.107378943145 -0.981304426366
0.0 -0.000994921155979 -4.72767021221e-12 0.0 0.107896716174 0.980065330287 0.0 0.107896716131 -0.980065330291
0.0 -0.00106248696774 -4.84453465596e-12 0.0 0.108432987816 0.978791804362 0.0 0.108432987768 -0.978791804369
0.0 -0.00113239972242 -4.96040743014e-12 0.0 0.1089878872 0.977484535401 0.0 0.108987887148 -0.977484535414
0.0 -0.0012046763552 -5.07826354345e-12 0.0 0.109561548742 0.97614423371 0.0 0.109561548685 -0.976144233728
0.0 -0.00127933448554 -5.177811911e-12 0.0 0.110154112287 0.974771633116 0.0 0.110154112225 -0.974771633139
0.0 -0.00135639243132 -5.27408014077e-12 0.0 0.110765723225 0.973367490999 0.0 0.110765723157 -0.973367491026
0.0 -0.00143586922332 -5.42717866466e-12 0.0 0.111396532602 0.971932588294 0.0 0.111396532529 -0.971932588325
0.0 -0.00151778462013 -5.58271822131e-12 0.0 0.112046697243 0.970467729482 0.0 0.112046697164 -0.970467729518
0.0 -0.00160215912304 -5.73825777797e-12 0.0 0.112716379865 0.968973742566 0.0 0.112716379781 -0.968973742605
0.0 -0.00168901399159 -5.85001130936e-12 0.0 0.113405749207 0.967451479015 0.0 0.113405749117 -0.967451479056
0.0 -0.00177837125922 -5.94849172508e-12 0.0 0.114114980146 0.965901813701 0.0 0.114114980051 -0.965901813744
0.0 -0.00187025374919 -6.04704842307e-12 0.0 0.114844253833 0.964325644802 0.0 0.114844253731 -0.964325644846
0.0 -0.0019646850906 -6.11181207368e-12 0.0 0.115593757811 0.962723893685 0.0 0.115593757703 -0.962723893731
0.0 -0.00206168973467 -6.16124298722e-12 0.0 0.116363686148 0.96109750476 0.0 0.116363686034 -0.961097504808
0.0 -0.0021612929711 -6.24042398762e-12 0.0 0.11715423957 0.959447445304 0.0 0.117154239449 -0.959447445357
0.0 -0.00226352094443 -6.32250371443e-12 0.0 0.117965625586 0.957774705261 0.0 0.117965625459 -0.957774705316
0.0 -0.0023684006707 -6.36133139189e-12 0.0 0.118798058623 0.956080296992 0.0 0.118798058489 -0.956080297049
0.0 -0.00247596005387 -6.41053345862e-12 0.0 0.119651760153 0.95436525501 0.0 0.119651760013 -0.954365255071
0.0 -0.00258622790206 -6.38047824268e-12 0.0 0.120526958826 0.952630635668 0.0 0.120526958681 -0.952630635732
0.0 -0.00269923394384 -6.43669827861e-12 0.0 0.121423890599 0.950877516809 0.0 0.121423890448 -0.950877516876
0.0 -0.00281500884437 -6.4736951815e-12 0.0 0.122342798861 0.949106997372 0.0 0.122342798704 -0.949106997443
0.0 -0.00293358422102 -6.4121353864e-12 0.0 0.123283934559 0.947320196966 0.0 0.123283934396 -0.947320197044
0.0 -0.00305499265902 -6.33951466158e-12 0.0 0.124247556321 0.945518255386 0.0 0.124247556152 -0.945518255471
0.0 -0.00317926772616 -6.27337793005e-12 0.0 0.125233930575 0.943702332091 0.0 0.125233930401 -0.943702332184
0.0 -0.00330644398767 -6.22982075161e-12 0.0 0.126243331666 0.941873605631 0.0 0.126243331486 -0.941873605729
0.0 -0.0034365570198 -6.2025879798e-12 0.0 0.127276041963 0.940033273014 0.0 0.127276041777 -0.940033273118
0.0 -0.00356964342316 -6.2685721468e-12 0.0 0.128332351963 0.938182549039 0.0 0.128332351772 -0.938182549149
0.0 -0.00370574083513 -6.26788560634e-12 0.0 0.129412560395 0.936322665558 0.0 0.129412560198 -0.936322665674
0.0 -0.00384488794131 -6.40054048079e-12 0.0 0.130516974307 0.93445487069 0.0 0.130516974104 -0.934454870812
0.0 -0.00398712448602 -6.58094805876e-12 0.0 0.13164590915 0.932580427975 0.0 0.131645908941 -0.932580428101
0.0 -0.00413249128182 -6.89004383293e-12 0.0 0.132799688852 0.930700615468 0.0 0.132799688637 -0.930700615599
0.0 -0.00428103021734 -7.18678187872e-12 0.0 0.133978645883 0.928816724773 0.0 0.133978645663 -0.928816724909
0.0 -0.00443278426421 -7.49336033785e-12 0.0 0.13518312131 0.926930060017 0.0 0.135183121084 -0.926930060156
0.0 -0.00458779748209 -7.83830878079e-12 0.0 0.136413464835 0.925041936755 0.0 0.136413464603 -0.925041936898
0.0 -0.00474611502228 -8.06234981948e-12 0.0 0.137670034822 0.923153680819 0.0 0.137670034584 -0.923153680966
0.0 -0.00490778312946 -8.2892133023e-12 0.0 0.138953198316 0.921266627098 0.0 0.138953198073 -0.92126662725
0.0 -0.00507284914139 -8.48594528689e-12 0.0 0.140263331038 0.919382118251 0.0 0.140263330788 -0.919382118406
0.0 -0.00524136148669 -8.76368904646e-12 0.0 0.141600817364 0.91750150336 0.0 0.141600817109 -0.917501503519
0.0 -0.00541336968003 -9.0617238909e-12 0.0 0.142966050293 0.91562613651 0.0 0.142966050032 -0.915626136674
0.0 -0.00558892431528 -9.49393925527e-12 0.0 0.144359431389 0.913757375315 0.0 0.144359431122 -0.913757375483
0.0 -0.00576807705577 -1.00411120065e-11 0.0 0.145781370704 0.911896579365 0.0 0.145781370431 -0.911896579538
0.0 -0.00595088062207 -1.06669317823e-11 0.0 0.147232286681 0.910045108622 0.0 0.147232286402 -0.910045108799
0.0 -0.00613738877661 -1.12511014364e-11 0.0 0.148712606033 0.908204321744 0.0 0.148712605748 -0.908204321925
0.0 -0.00632765630524 -1.17909510893e-11 0.0 0.150222763594 0.906375574354 0.0 0.150222763303 -0.906375574539
0.0 -0.006521738996 -1.23576521027e-11 0.0 0.151763202154 0.904560217245 0.0 0.151763201858 -0.904560217436
0.0 -0.00671969361353 -1.28712606534e-11 0.0 0.153334372254 0.902759594537 0.0 0.153334371952 -0.902759594736
0.0 -0.00692157787051 -1.32001135366e-11 0.0 0.154936731962 0.900975041768 0.0 0.154936731653 -0.900975041971
0.0 -0.00712745039615 -1.33935653834e-11 0.0 0.156570746616 0.899207883934 0.0 0.156570746301 -0.899207884143
0.0 -0.00733737069903 -1.36420167497e-11 0.0 0.158236888536 0.897459433489 0.0 0.158236888215 -0.897459433705
0.0 -0.00755139912737 -1.37669671145e-11 0.0 0.159935636706 0.895730988303 0.0 0.159935636378 -0.89573098853
0.0 -0.00776959682444 -1.38990117308e-11 0.0 0.16166747642 0.894023829566 0.0 0.161667476086 -0.894023829805
0.0 -0.0079920256801 -1.41260277782e-11 0.0 0.163432898897 0.892339219669 0.0 0.163432898558 -0.892339219915
0.0 -0.00821874827716 -1.45329937098e-11 0.0 0.165232400859 0.890678400041 0.0 0.165232400513 -0.890678400293
0.0 -0.00844982783423 -1.47848014962e-11 0.0 0.167066484072 0.889042588981 0.0 0.167066483719 -0.889042589239
0.0 -0.0086853281432 -1.50591125535e-11 0.0 0.168935654851 0.887432979454 0.0 0.168935654493 -0.887432979718
0.0 -0.00892531350228 -1.54589842337e-11 0.0 0.170840423534 0.885850736879 0.0 0.170840423168 -0.885850737147
0.0 -0.00916984864424 -1.57109445846e-11 0.0 0.172781303902 0.884296996916 0.0 0.17278130353 -0.884296997188
0.0 -0.00941899865975 -1.59942569502e-11 0.0 0.174758812582 0.882772863239 0.0 0.174758812204 -0.882772863518
0.0 -0.00967282891591 -1.63188380259e-11 0.0 0.176773468393 0.881279405336 0.0 0.176773468008 -0.881279405627
0.0 -0.00993140496983 -1.66453261586e-11 0.0 0.178825791661 0.879817656309 0.0 0.178825791269 -0.879817656614
0.0 -0.0101947924775 -1.69729585253e-11 0.0 0.180916303497 0.878388610707 0.0 0.180916303099 -0.878388611024
0.0 -0.0104630570974 -1.72907504787e-11 0.0 0.183045525035 0.876993222378 0.0 0.18304552463 -0.876993222704
0.0 -0.01073626439 -1.75583486958e-11 0.0 0.185213976628 0.875632402368 0.0 0.185213976216 -0.875632402701
0.0 -0.0110144797117 -1.7779185879e-11 0.0 0.18742217701 0.874307016865 0.0 0.187422176592 -0.874307017207
0.0 -0.0112977681051 -1.79219862959e-11 0.0 0.189670642425 0.8730178852 0.0 0.189670641999 -0.873017885555
0.0 -0.0115861941837 -1.80766104652e-11 0.0 0.191959885709 0.871765777912 0.0 0.191959885276 -0.871765778284
0.0 -0.011879822013 -1.82879123641e-11 0.0 0.194290415351 0.870551414892 0.0 0.194290414911 -0.870551415279
0.0 -0.0121787149873 -1.83531337084e-11 0.0 0.196662734511 0.869375463585 0.0 0.196662734064 -0.869375463981
0.0 -0.012482935702 -1.84811353641e-11 0.0 0.199077340011 0.868238537298 0.0 0.199077339556 -0.868238537702
0.0 -0.012792545823 -1.86243171924e-11 0.0 0.201534721292 0.867141193605 0.0 0.201534720829 -0.867141194021
0.0 -0.0131076059515 -1.89652989571e-11 0.0 0.204035359347 0.866083932858 0.0 0.204035358877 -0.866083933285
0.0 -0.0134281754869 -1.93155871592e-11 0.0 0.206579725629 0.865067196793 0.0 0.206579725151 -0.865067197232
0.0 -0.0137543124856 -1.95631231382e-11 0.0 0.209168280931 0.864091367273 0.0 0.209168280445 -0.864091367722
0.0 -0.0140860735173 -1.99984660758e-11 0.0 0.211801474248 0.863156765142 0.0 0.211801473754 -0.8631567656
0.0 -0.0144235135196 -2.04515827832e-11 0.0 0.21447974162 0.862263649218 0.0 0.214479741118 -0.862263649686
0.0 -0.0147666856504 -2.09178200418e-11 0.0 0.217203504961 0.861412215425 0.0 0.217203504451 -0.861412215904
0.0 -0.0151156411388 -2.14170112427e-11 0.0 0.219973170878 0.860602596063 0.0 0.219973170359 -0.860602596553
0.0 -0.0154704291343 -2.19669301558e-11 0.0 0.22278912947 0.859834859219 0.0 0.222789128943 -0.859834859718
0.0 -0.0158310965564 -2.24983124763e-11 0.0 0.225651753138 0.859109008332 0.0 0.225651752603 -0.85910900884
0.0 -0.016197687943 -2.3041137138e-11 0.0 0.228561395378 0.858424981913 0.0 0.228561394834 -0.858424982429
0.0 -0.016570245299 -2.36467421111e-11 0.0 0.231518389585 0.857782653418 0.0 0.231518389032 -0.85778265394
0.0 -0.0169488079462 -2.42900305275e-11 0.0 0.234523047855 0.857181831271 0.0 0.234523047293 -0.8571818318
0.0 -0.0173334123737 -2.49716889278e-11 0.0 0.237575659802 0.85662225906 0.0 0.237575659231 -0.856622259596
0.0 -0.0177240920895 -2.57014814429e-11 0.0 0.240676491381 0.856103615871 0.0 0.2406764908 -0.856103616412
0.0 -0.0181208774754 -2.64710170228e-11 0.0 0.24382578373 0.855625516787 0.0 0.243825783141 -0.855625517334
0.0 -0.0185237956429 -2.72889918467e-11 0.0 0.247023752034 0.855187513548 0.0 0.247023751437 -0.855187514103
0.0 -0.0189328702931 -2.80881249489e-11 0.0 0.250270584411 0.854789095352 0.0 0.250270583805 -0.854789095914
0.0 -0.0193481215797 -2.89336376737e-11 0.0 0.253566440819 0.85442968981 0.0 0.253566440205 -0.854429690378
0.0 -0.0197695659756 -2.97640465082e-11 0.0 0.256911452005 0.854108664045 0.0 0.256911451381 -0.854108664619
0.0 -0.0201972161445 -3.06444965145e-11 0.0 0.26030571848 0.853825325933 0.0 0.260305717847 -0.853825326515
0.0 -0.0206310808169 -3.16022967465e-11 0.0 0.263749309538 0.853578925483 0.0 0.263749308895 -0.85357892607
0.0 -0.0210711646712 -3.2575811127e-11 0.0 0.267242262311 0.853368656335 0.0 0.267242261659 -0.853368656928
0.0 -0.021517468221 -3.36984573532e-11 0.0 0.270784580876 0.853193657397 0.0 0.270784580215 -0.853193657997
0.0 -0.0219699877079 -3.46728108387e-11 0.0 0.274376235402 0.853053014584 0.0 0.274376234731 -0.853053015192
0.0 -0.0224287150012 -3.577516598e-11 0.0 0.278017161356 0.852945762679 0.0 0.278017160675 -0.852945763296
0.0 -0.0228936375041 -3.70927896984e-11 0.0 0.281707258759 0.852870887284 0.0 0.281707258067 -0.85287088791
0.0 -0.0233647380685 -3.84233051211e-11 0.0 0.285446391502 0.852827326872 0.0 0.285446390799 -0.8528273275
0.0 -0.0238419949146 -3.97667885304e-11 0.0 0.289234386716 0.852813974917 0.0 0.289234386002 -0.85281397554
0.0 -0.0243253815597 -4.12089812023e-11 0.0 0.293071034212 0.852829682115 0.0 0.293071033487 -0.852829682735
0.0 -0.0248148667566 -4.23344498725e-11 0.0 0.296956085981 0.852873258655 0.0 0.296956085244 -0.85287325927
0.0 -0.0253104144384 -4.32509051121e-11 0.0 0.300889255758 0.852943476553 0.0 0.30088925501 -0.852943477164
0.0 -0.0258119836728 -4.35032468744e-11 0.0 0.304870218666 0.853039072045 0.0 0.304870217906 -0.853039072654
0.0 -0.0263195286243 -4.40459952538e-11 0.0 0.308898610911 0.85315874802 0.0 0.30889861014 -0.853158748627
0.0 -0.0268329985281 -4.47346716232e-11 0.0 0.312974029565 0.85330117647 0.0 0.312974028783 -0.853301177072
0.0 -0.0273523376687 -4.55692759828e-11 0.0 0.317096032415 0.853465000976 0.0 0.317096031621 -0.853465001575
0.0 -0.0278774853711 -4.66882606598e-11 0.0 0.321264137883 0.853648839214 0.0 0.321264137078 -0.853648839812
0.0 -0.0284083760006 -4.77042642669e-11 0.0 0.325477825023 0.853851285467 0.0 0.325477824206 -0.85385128606
0.0 -0.0289449389707 -4.88667298401e-11 0.0 0.32973653359 0.854070913123 0.0 0.329736532763 -0.854070913703
0.0 -0.0294870987619 -5.00338486319e-11 0.0 0.334039664188 0.854306277161 0.0 0.334039663351 -0.854306277734
0.0 -0.0300347749493 -5.04588934625e-11 0.0 0.338386578483 0.854555916662 0.0 0.338386577636 -0.85455591723
0.0 -0.0305878822396 -5.11350595391e-11 0.0 0.3427765995 0.85481835725 0.0 0.342776598643 -0.854818357818
0.0 -0.0311463305166 -5.18030634123e-11 0.0 0.347209011986 0.855092113529 0.0 0.34720901112 -0.855092114094
0.0 -0.0317100248967 -5.24711435678e-11 0.0 0.351683062846 0.85537569147 0.0 0.35168306197 -0.855375692032
0.0 -0.0322788657925 -5.31520391453e-11 0.0 0.356197961661 0.855667590771 0.0 0.35619796077 -0.855667591334
0.0 -0.0328527489856 -5.38183648085e-11 0.0 0.360752881243 0.855966307175 0.0 0.360752880336 -0.855966307742
0.0 -0.0334315657076 -5.51327083892e-11 0.0 0.365346958298 0.856270334711 0.0 0.365346957376 -0.856270335283
0.0 -0.0340152027306 -5.6463528941e-11 0.0 0.36997929413 0.856578167907 0.0 0.369979293193 -0.856578168477
0.0 -0.0346035424628 -5.78128860854e-11 0.0 0.374648955416 0.856888303927 0.0 0.374648954463 -0.85688830449
0.0 -0.035196463055 -5.91357732807e-11 0.0 0.379354975036 0.857199244647 0.0 0.379354974068 -0.857199245205
0.0 -0.0357938385126 -6.03821493552e-11 0.0 0.38409635297 0.857509498674 0.0 0.384096351986 -0.857509499227
0.0 -0.0363955388149 -6.1656444742e-11 0.0 0.38887205724 0.857817583285 0.0 0.388872056242 -0.857817583825
0.0 -0.0370014300404 -6.29247138292e-11 0.0 0.393681024917 0.858122026302 0.0 0.393681023902 -0.858122026827
0.0 -0.0376113745003 -6.44389932499e-11 0.0 0.398522163159 0.858421367884 0.0 0.39852216213 -0.858421368395
0.0 -0.0382252308757 -6.59457207256e-11 0.0 0.403394350317 0.858714162256 0.0 0.403394349273 -0.858714162755
0.0 -0.0388428543605 -6.73934057211e-11 0.0 0.408296437062 0.858998979357 0.0 0.408296436002 -0.858998979838
0.0 -0.0394640968094 -6.88316317147e-11 0.0 0.413227247563 0.859274406402 0.0 0.413227246488 -0.859274406867
0.0 -0.0400888068907 -7.02596358836e-11 0.0 0.418185580699 0.859539049381 0.0 0.418185579609 -0.85953904983
0.0 -0.0407168302423 -7.14120321966e-11 0.0 0.423170211296 0.859791534467 0.0 0.423170210191 -0.859791534898
0.0 -0.0413480096314 -7.29177680026e-11 0.0 0.428179891397 0.860030509351 0.0 0.428179890277 -0.860030509764
0.0 -0.0419821851171 -7.43447042197e-11 0.0 0.43321335155 0.860254644494 0.0 0.433213350416 -0.860254644893
0.0 -0.0426191942162 -7.54605613234e-11 0.0 0.438269302133 0.860462634308 0.0 0.438269300977 -0.860462634704
0.0 -0.0432588720698 -7.65804613877e-11 0.0 0.443346434655 0.860653198264 0.0 0.443346433472 -0.860653198657
0.0 -0.0439010516118 -7.76855626908e-11 0.0 0.448443423107 0.860825081902 0.0 0.448443421897 -0.860825082302
0.0 -0.0445455637387 -7.86854707381e-11 0.0 0.45355892531 0.860977057784 0.0 0.453558924073 -0.860977058189
0.0 -0.0451922374796 -7.93305899291e-11 0.0 0.458691584269 0.861107926359 0.0 0.458691583006 -0.861107926778
0.0 -0.0458409001665 -7.99607577945e-11 0.0 0.463840029516 0.861216516783 0.0 0.463840028225 -0.861216517214
0.0 -0.0464913776042 -8.05752877936e-11 0.0 0.469002878464 0.861301687624 0.0 0.469002877145 -0.861301688064
0.0 -0.0471434942398 -8.027191319e-11 0.0 0.474178737748 0.861362327526 0.0 0.474178736403 -0.861362327976
0.0 -0.04779707333 -8.0010188708e-11 0.0 0.479366204555 0.861397355806 0.0 0.479366203183 -0.861397356266
0.0 -0.048451937108 -7.96352613313e-11 0.0 0.484563867948 0.861405722967 0.0 0.48456386655 -0.861405723435
0.0 -0.049107906948 -7.91884760526e-11 0.0 0.489770310172 0.861386411157 0.0 0.489770308747 -0.861386411636
0.0 -0.0497648035266 -7.86739521146e-11 0.0 0.494984107938 0.861338434563 0.0 0.494984106488 -0.861338435054
0.0 -0.0504224469836 -7.81932975063e-11 0.0 0.500203833694 0.861260839745 0.0 0.500203832217 -0.86126084025
0.0 -0.051080657078 -7.72244363445e-11 0.0 0.505428056862 0.861152705905 0.0 0.50542805536 -0.861152706425
0.0 -0.051739253341 -7.6283799624e-11 0.0 0.510655345063 0.861013145116 0.0 0.510655343535 -0.86101314565
0.0 -0.0523980552263 -7.53726078613e-11 0.0 0.515884265294 0.860841302467 0.0 0.515884263741 -0.860841303015
0.0 -0.0530568822564 -7.46801936604e-11 0.0 0.521113385111 0.860636356178 0.0 0.521113383534 -0.860636356738
0.0 -0.0537155541652 -7.37642723968e-11 0.0 0.526341273742 0.860397517663 0.0 0.52634127214 -0.860397518241
0.0 -0.0543738910359 -7.26646634173e-11 0.0 0.531566503188 0.860124031551 0.0 0.53156650156 -0.860124032146
0.0 -0.055031713435 -7.1660025869e-11 0.0 0.536787649283 0.859815175639 0.0 0.536787647631 -0.859815176255
0.0 -0.0556888425426 -7.05639258742e-11 0.0 0.542003292731 0.85947026082 0.0 0.542003291055 -0.859470261455
0.0 -0.0563451002767 -6.96052102548e-11 0.0 0.547212020093 0.859088630965 0.0 0.547212018393 -0.859088631611
0.0 -0.0570003094134 -6.87084358419e-11 0.0 0.552412424742 0.858669662742 0.0 0.552412423018 -0.858669663424
0.0 -0.0576542937032 -6.78950379545e-11 0.0 0.557603107786 0.85821276547 0.0 0.557603106039 -0.858212766197
0.0 -0.0583068779819 -6.6925719099e-11 0.0 0.562782678947 0.857717380862 0.0 0.562782677177 -0.857717381631
0.0 -0.0589578882767 -6.59885150809e-11 0.0 0.567949757406 0.857182982758 0.0 0.56794975561 -0.857182983577
0.0 -0.0596071519079 -6.53237913454e-11 0.0 0.573102972597 0.856609076849 0.0 0.573102970776 -0.856609077719
0.0 -0.060254497585 -6.42299035365e-11 0.0 0.57824096499 0.855995200356 0.0 0.578240963145 -0.855995201267
0.0 -0.0608997554993 -6.31814036807e-11 0.0 0.583362386817 0.855340921666 0.0 0.583362384943 -0.855340922634
0.0 -0.0615427574094 -6.28525507976e-11 0.0 0.588465902751 0.854645840005 0.0 0.588465900842 -0.854645841032
0.0 -0.0621833367262 -6.27188279713e-11 0.0 0.593550190569 0.853909585006 0.0 0.593550188619 -0.853909586093
0.0 -0.0628213285887 -6.19417404462e-11 0.0 0.598613941764 0.853131816329 0.0 0.598613939774 -0.853131817467
0.0 -0.0634565699363 -6.07077221e-11 0.0 0.603655862122 0.852312223204 0.0 0.603655860092 -0.852312224394
0.0 -0.0640888995792 -5.88327800879e-11 0.0 0.608674672278 0.851450524015 0.0 0.6086746702 -0.851450525267
0.0 -0.0647181582626 -5.7584344392e-11 0.0 0.613669108222 0.850546465829 0.0 0.613669106087 -0.850546467143
0.0 -0.0653441887247 -5.6240403289e-11 0.0 0.618637921773 0.849599823927 0.0 0.61863791958 -0.849599825304
0.0 -0.0659668357546 -5.47848612192e-11 0.0 0.623579881019 0.848610401325 0.0 0.62357987877 -0.848610402762
0.0 -0.0665859462428 -5.33256576002e-11 0.0 0.628493770734 0.847578028276 0.0 0.628493768428 -0.847578029786
0.0 -0.0672013692297 -5.18292282316e-11 0.0 0.633378392751 0.846502561789 0.0 0.633378390388 -0.846502563364
0.0 -0.0678129559493 -5.03293661606e-11 0.0 0.638232566312 0.845383885094 0.0 0.638232563893 -0.845383886736
0.0 -0.0684205598695 -4.88280547264e-11 0.0 0.643055128392 0.844221907154 0.0 0.643055125917 -0.844221908863
0.0 -0.0690240367284 -4.71458780206e-11 0.0 0.647844933984 0.843016562153 0.0 0.647844931453 -0.843016563926
0.0 -0.0696232445683 -4.54324255825e-11 0.0 0.652600856369 0.841767808964 0.0 0.652600853782 -0.841767810804
0.0 -0.0702180437649 -4.39360724961e-11 0.0 0.657321787353 0.840475630648 0.0 0.65732178471 -0.840475632553
0.0 -0.0708082970559 -4.21953110039e-11 0.0 0.66200663748 0.839140033919 0.0 0.662006634782 -0.83914003589
0.0 -0.071393869563 -4.01834423099e-11 0.0 0.666654336226 0.837761048648 0.0 0.666654333473 -0.837761050689
0.0 -0.0719746288152 -3.81780576093e-11 0.0 0.671263832164 0.836338727336 0.0 0.671263829356 -0.836338729446
0.0 -0.072550444766 -3.61767921515e-11 0.0 0.675834093115 0.834873144602 0.0 0.675834090253 -0.834873146787
0.0 -0.0731211898096 -3.38115076822e-11 0.0 0.680364106272 0.833364396692 0.0 0.680364103355 -0.833364398953
0.0 -0.073686738795 -3.14475200116e-11 0.0 0.68485287831 0.831812600961 0.0 0.684852875339 -0.831812603297
0.0 -0.0742469690373 -2.90887195356e-11 0.0 0.689299435477 0.830217895375 0.0 0.689299432451 -0.830217897793
0.0 -0.0748017603257 -2.67354876656e-11 0.0 0.693702823665 0.828580438031 0.0 0.693702820586 -0.828580440541
0.0 -0.0753509949334 -2.40058790558e-11 0.0 0.698062108475 0.826900406676 0.0 0.698062105343 -0.826900409287
0.0 -0.0758945576207 -2.12706255577e-11 0.0 0.702376375254 0.825177998227 0.0 0.702376372068 -0.82517800093
0.0 -0.0764323356412 -1.85410932302e-11 0.0 0.706644729127 0.8234134283 0.0 0.706644725888 -0.823413431093
0.0 -0.0769642187421 -1.62801629117e-11 0.0 0.710866295019 0.82160693075 0.0 0.710866291726 -0.821606933634
0.0 -0.0774900991656 -1.40286915952e-11 0.0 0.715040217655 0.819758757228 0.0 0.715040214309 -0.819758760211
0.0 -0.0780098716485 -1.17878235148e-11 0.0 0.719165661561 0.817869176738 0.0 0.719165658163 -0.81786917982
0.0 -0.0785234334204 -9.55458366178e-12 0.0 0.723241811048 0.815938475211 0.0 0.723241807598 -0.81593847839
0.0 -0.0790306842003 -7.33019255254e-12 0.0 0.72726787019 0.813966955079 0.0 0.727267866688 -0.813966958356
0.0 -0.0795315261942 -5.11854058305e-12 0.0 0.731243062791 0.811954934874 0.0 0.731243059237 -0.811954938248
0.0 -0.0800258640886 -2.92275532656e-12 0.0 0.735166632352 0.809902748827 0.0 0.735166628746 -0.809902752299
0.0 -0.0805136050459 -7.39938056636e-13 0.0 0.739037842021 0.807810746485 0.0 0.739037838364 -0.807810750056
0.0 -0.0809946586989 1.4270125003e-12 0.0 0.74285597455 0.805679292347 0.0 0.742855970841 -0.805679296005
0.0 -0.0814689371425 3.60098102644e-12 0.0 0.746620332236 0.803508765467 0.0 0.746620328476 -0.803508769212
0.0 -0.0819363549267 5.75976938006e-12 0.0 0.750330236862 0.801299559139 0.0 0.750330233051 -0.801299562971
0.0 -0.0823968290482 7.90452179526e-12 0.0 0.753985029638 0.799052080536 0.0 0.753985025777 -0.799052084465
0.0 -0.0828502789448 1.0031881852e-11 0.0 0.757584071136 0.796766750419 0.0 0.757584067224 -0.796766754445
0.0 -0.083296626484 1.28565381752e-11 0.0 0.761126741216 0.794444002779 0.0 0.761126737253 -0.794444006911
0.0 -0.0837357959553 1.56663194549e-11 0.0 0.764612438965 0.792084284572 0.0 0.764612434952 -0.792084288812
0.0 -0.0841677140614 1.85131739198e-11 0.0 0.768040582621 0.789688055424 0.0 0.768040578558 -0.789688059772
0.0 -0.0845923099088 2.13415680745e-11 0.0 0.771410609504 0.787255787342 0.0 0.771410605391 -0.787255791798
0.0 -0.0850095149991 2.4149060886e-11 0.0 0.774721975941 0.784787964465 0.0 0.774721971779 -0.784787969029
0.0 -0.08541926322 2.69425940414e-11 0.0 0.777974157199 0.782285082816 0.0 0.777974152988 -0.782285087483
0.0 -0.0858214908357 2.97165226524e-11 0.0 0.781166647409 0.779747650057 0.0 0.781166643148 -0.779747654822
0.0 -0.0862161364788 3.29757590904e-11 0.0 0.784298959495 0.777176185272 0.0 0.784298955186 -0.777176190136
0.0 -0.0866031411412 3.62114243058e-11 0.0 0.7873706251 0.774571218765 0.0 0.787370620741 -0.774571223737
0.0 -0.0869824481649 3.9425043944e-11 0.0 0.790381194529 0.771933291855 0.0 0.790381190131 -0.771933296936
0.0 -0.0873540032344 4.24683252644e-11 0.0 0.793330236689 0.769262956701 0.0 0.793330232244 -0.769262961893
0.0 -0.0877177543682 4.54768218679e-11 0.0 0.796217339004 0.766560776135 0.0 0.79621733451 -0.766560781436
0.0 -0.0880736519107 4.88774093596e-11 0.0 0.799042107356 0.763827323498 0.0 0.799042102814 -0.763827328909
0.0 -0.0884216485249 5.22628929611e-11 0.0 0.801804166031 0.761063182507 0.0 0.801804161434 -0.761063188027
0.0 -0.0887616991851 5.56066501587e-11 0.0 0.804503157653 0.758268947127 0.0 0.804503153001 -0.758268952757
0.0 -0.0890937611704 5.89248527945e-11 0.0 0.807138743155 0.755445221443 0.0 0.807138738447 -0.755445227184
0.0 -0.0894177940562 6.22160515053e-11 0.0 0.809710601684 0.752592619574 0.0 0.809710596921 -0.752592625429
0.0 -0.0897337597099 6.54710924183e-11 0.0 0.812218430582 0.749711765583 0.0 0.812218425758 -0.749711771556
0.0 -0.0900416222846 6.87114108524e-11 0.0 0.814661945327 0.746803293411 0.0 0.814661940441 -0.746803299501
0.0 -0.0903413482135 7.1921521506e-11 0.0 0.817040879502 0.743867846796 0.0 0.817040874561 -0.743867853004
0.0 -0.090632906204 7.51006615563e-11 0.0 0.819354984745 0.740906079249 0.0 0.819354979742 -0.740906085575
0.0 -0.0909162672352 7.82518060121e-11 0.0 0.821604030705 0.73791865401 0.0 0.821604025642 -0.737918660452
0.0 -0.0911914045518 8.19666764727e-11 0.0 0.823787805031 0.734906244029 0.0 0.823787799913 -0.734906250592
0.0 -0.0914582936608 8.55691831436e-11 0.0 0.825906113321 0.731869531975 0.0 0.825906108147 -0.731869538658
0.0 -0.091716912328 8.91411769049e-11 0.0 0.827958779097 0.728809210232 0.0 0.827958773873 -0.728809217034
0.0 -0.0919672405752 9.26798353126e-11 0.0 0.829945643797 0.725725980917 0.0 0.829945638522 -0.725725987849
0.0 -0.0922092606777 9.61983551999e-11 0.0 0.831866566735 0.722620555948 0.0 0.831866561408 -0.72262056301
0.0 -0.0924429571617 9.96868961535e-11 0.0 0.833721425103 0.719493657065 0.0 0.833721419726 -0.71949366425
0.0 -0.0926683168033 1.03109758069e-10 0.0 0.835510113935 0.716346015903 0.0 0.835510108507 -0.716346023211
0.0 -0.0928853286267 1.06939967328e-10 0.0 0.837232546119 0.713178374065 0.0 0.837232540641 -0.713178381503
0.0 -0.0930939839035 1.10554297751e-10 0.0 0.838888652374 0.709991483236 0.0 0.838888646846 -0.709991490803
0.0 -0.093294276152 1.14130487038e-10 0.0 0.840478381258 0.706786105269 0.0 0.84047837568 -0.706786112964
0.0 -0.0934862011376 1.17707439147e-10 0.0 0.84200169916 0.703563012307 0.0 0.842001693534 -0.70356302013
0.0 -0.0936697568729 1.2149386238e-10 0.0 0.843458590302 0.700322986922 0.0 0.843458584631 -0.700322994873
0.0 -0.0938449436178 1.25239016904e-10 0.0 0.84484905675 0.697066822257 0.0 0.844849051034 -0.697066830335
0.0 -0.0940117638816 1.28963117519e-10 0.0 0.846173118419 0.693795322185 0.0 0.846173112656 -0.693795330393
0.0 -0.0941702224249 1.32637634657e-10 0.0 0.847430813083 0.690509301491 0.0 0.847430807272 -0.69050930983
0.0 -0.0943203262584 1.36269357439e-10 0.0 0.848622196394 0.687209586048 0.0 0.848622190538 -0.687209594516
0.0 -0.0944620846486 1.4002046198e-10 0.0 0.8497473419 0.683897013015 0.0 0.849747335998 -0.683897021616
0.0 -0.0945955091187 1.43727475366e-10 0.0 0.850806341063 0.680572431054 0.0 0.850806335116 -0.680572439782
0.0 -0.0947206134522 1.47038660032e-10 0.0 0.851799303279 0.677236700551 0.0 0.851799297287 -0.677236709399
0.0 -0.0948374136956 1.50304685593e-10 0.0 0.85272635591 0.673890693834 0.0 0.852726349874 -0.673890702804
0.0 -0.0949459281612 1.5474873831e-10 0.0 0.853587644309 0.670535295441 0.0 0.853587638228 -0.670535304532
0.0 -0.095046177434 1.59269454713e-10 0.0 0.85438333185 0.667171402363 0.0 0.854383325724 -0.667171411576
0.0 -0.0951381843727 1.63749817793e-10 0.0 0.855113599963 0.663799924317 0.0 0.855113593791 -0.663799933646
0.0 -0.0952219741154 1.6819249743e-10 0.0 0.855778648167 0.660421784013 0.0 0.85577864195 -0.660421793459
0.0 -0.0952975740844 1.72587805774e-10 0.0 0.856378694111 0.657037917447 0.0 0.85637868785 -0.657037927009
0.0 -0.0953650139907 1.77006609059e-10 0.0 0.856913973612 0.653649274192 0.0 0.856913967306 -0.653649283859
0.0 -0.0954243258402 1.81379871826e-10 0.0 0.857384740698 0.650256817697 0.0 0.857384734347 -0.650256827469
0.0 -0.095475543938 1.8570370368e-10 0.0 0.85779126765 0.6468615256 0.0 0.857791261253 -0.646861535474
0.0 -0.0955187048948 1.89979248854e-10 0.0 0.858133845046 0.643464390035 0.0 0.858133838604 -0.643464400013
0.0 -0.0955538476329 1.94229392031e-10 0.0 0.858412781812 0.640066417959 0.0 0.858412775324 -0.640066428039
0.0 -0.0955810133918 1.98432240198e-10 0.0 0.858628405266 0.636668631471 0.0 0.858628398732 -0.636668641652
0.0 -0.0956002457348 2.02780787509e-10 0.0 0.858781061167 0.63327206814 0.0 0.858781054588 -0.633272078422
0.0 -0.095611590555 2.07079980188e-10 0.0 0.85887111377 0.629877781334 0.0 0.858871107145 -0.629877791719
0.0 -0.0956150960818 2.11331572728e-10 0.0 0.85889894587 0.626486840551 0.0 0.858898939199 -0.626486851038
0.0 -0.0956108128873 2.15534954871e-10 0.0 0.858864958858 0.623100331737 0.0 0.858864952141 -0.623100342328
0.0 -0.0955987938928 2.19689440076e-10 0.0 0.858769572769 0.619719357636 0.0 0.858769566006 -0.619719368329
0.0 -0.095579094375 2.23813946348e-10 0.0 0.858613226334 0.616345038091 0.0 0.858613219525 -0.616345048886
0.0 -0.0955517719732 2.28377457107e-10 0.0 0.858396377032 0.612978510375 0.0 0.858396370177 -0.612978521267
0.0 -0.0955168866937 2.32902521599e-10 0.0 0.858119501136 0.609620929481 0.0 0.858119494234 -0.60962094047
0.0 -0.0954745009174 2.37912283661e-10 0.0 0.857783093757 0.606273468461 0.0 0.857783086809 -0.606273479548
0.0 -0.0954246794051 2.4379585917e-10 0.0 0.857387668894 0.602937318692 0.0 0.857387661911 -0.602937329875
0.0 -0.0953674893031 2.49632215952e-10 0.0 0.856933759498 0.59961369016 0.0 0.85693375248 -0.59961370144
0.0 -0.095303000148 2.5542547325e-10 0.0 0.856421917482 0.596303811727 0.0 0.856421910429 -0.596303823104
0.0 -0.0952312838719 2.61163197052e-10 0.0 0.855852713768 0.593008931381 0.0 0.855852706679 -0.593008942865
0.0 -0.0951524148059 2.66853015585e-10 0.0 0.855226738323 0.589730316463 0.0 0.855226731198 -0.589730328066
0.0 -0.0950664696842 2.72497980142e-10 0.0 0.854544600185 0.586469253874 0.0 0.854544593024 -0.586469265597
0.0 -0.0949735276463 2.78097404181e-10 0.0 0.853806927485 0.58322705028 0.0 0.853806920287 -0.583227062105
0.0 -0.0948736702392 2.83654644123e-10 0.0 0.853014367464 0.580005032217 0.0 0.85301436023 -0.580005044126
0.0 -0.0947669814201 2.8916947112e-10 0.0 0.852167586481 0.576804546275 0.0 0.85216757921 -0.576804558256
0.0 -0.0946535475533 2.95197830386e-10 0.0 0.851267270014 0.573626959153 0.0 0.851267262705 -0.573626971208
0.0 -0.0945334574114 3.01177902972e-10 0.0 0.850314122651 0.570473657767 0.0 0.850314115304 -0.570473669893
0.0 -0.0944068021723 3.07108544645e-10 0.0 0.849308868068 0.567346049214 0.0 0.849308860682 -0.567346061408
0.0 -0.0942736754149 3.13226916994e-10 0.0 0.848252249004 0.564245560797 0.0 0.848252241579 -0.56424557306
0.0 -0.0941341731146 3.19553768798e-10 0.0 0.847145027213 0.561173639955 0.0 0.847145019749 -0.561173652286
0.0 -0.0939883936356 3.25834317261e-10 0.0 0.845987983411 0.558131754164 0.0 0.845987975907 -0.558131766535
0.0 -0.0938364377213 3.31591493043e-10 0.0 0.844781917203 0.555121390737 0.0 0.844781909658 -0.555121403148
0.0 -0.0936784084851 3.37303357154e-10 0.0 0.843527646994 0.552144056665 0.0 0.843527639409 -0.552144069097
0.0 -0.0935144113949 3.42742740983e-10 0.0 0.842226009888 0.549201278296 0.0 0.842226002261 -0.549201290748
0.0 -0.0933445542597 3.48139025326e-10 0.0 0.840877861557 0.54629460104 0.0 0.840877853888 -0.546294613512
0.0 -0.0931689472088 3.53498007638e-10 0.0 0.839484076102 0.543425588966 0.0 0.83948406839 -0.543425601467
0.0 -0.0929877026729 3.58648891906e-10 0.0 0.838045545883 0.540595824335 0.0 0.838045538129 -0.540595836865
0.0 -0.0928009353584 3.64069128883e-10 0.0 0.83656318133 0.537806907069 0.0 0.836563173533 -0.537806919627
0.0 -0.0926087622226 3.69676562561e-10 0.0 0.835037910728 0.535060454153 0.0 0.835037902886 -0.535060466737
0.0 -0.092411302441 3.75854740213e-10 0.0 0.83347067997 0.532358098955 0.0 0.833470672083 -0.532358111554
0.0 -0.0922086773738 3.8219143243e-10 0.0 0.831862452295 0.52970149044 0.0 0.831862444363 -0.52970150305
0.0 -0.0920010105282 3.88494407882e-10 0.0 0.83021420798 0.52709229234 0.0 0.830214200002 -0.527092304964
0.0 -0.0917884275173 3.94765192215e-10 0.0 0.828526944013 0.524532182234 0.0 0.828526935988 -0.524532194868
0.0 -0.091571056013 4.00556313608e-10 0.0 0.826801673724 0.522022850515 0.0 0.826801665652 -0.522022863156
0.0 -0.0913490256954 4.06318371456e-10 0.0 0.825039426391 0.519565999291 0.0 0.825039418271 -0.51956601194
0.0 -0.0911224682 4.12051365757e-10 0.0 0.823241246796 0.51716334118 0.0 0.823241238627 -0.517163353829
0.0 -0.0908915170556 4.17994670287e-10 0.0 0.821408194758 0.514816598022 0.0 0.821408186541 -0.514816610669
0.0 -0.0906563076202 4.23913183078e-10 0.0 0.819541344618 0.512527499477 0.0 0.819541336351 -0.512527512124
0.0 -0.0904169770125 4.29810184268e-10 0.0 0.817641784684 0.510297781557 0.0 0.817641776366 -0.510297794203
0.0 -0.0901736640355 4.35630369208e-10 0.0 0.815710616633 0.508129185034 0.0 0.815710608264 -0.508129197677
0.0 -0.0899265090963 4.41055945945e-10 0.0 0.813748954879 0.506023453752 0.0 0.813748946458 -0.506023466382
0.0 -0.0896756541207 4.46185166047e-10 0.0 0.81175792588 0.503982332861 0.0 0.811757917406 -0.503982345476
0.0 -0.0894212424594 4.51301494445e-10 0.0 0.809738667419 0.502007566945 0.0 0.809738658893 -0.502007579556
0.0 -0.089163418792 4.56408516406e-10 0.0 0.807692327815 0.500100898064 0.0 0.807692319234 -0.500100910671
0.0 -0.088902329023 4.61385248243e-10 0.0 0.805620065096 0.498264063669 0.0 0.805620056461 -0.498264076278
0.0 -0.0886381201712 4.66281807409e-10 0.0 0.803523046166 0.496498794497 0.0 0.803523037475 -0.496498807111
0.0 -0.0883709402549 4.70995060272e-10 0.0 0.801402445844 0.494806812285 0.0 0.801402437098 -0.494806824924
0.0 -0.088100938169 4.75286548441e-10 0.0 0.799259445914 0.493189827524 0.0 0.79925943711 -0.493189840179
0.0 -0.087828263558 4.80245048814e-10 0.0 0.797095234098 0.491649537002 0.0 0.797095225238 -0.491649549672
0.0 -0.0875530666801 4.85206524196e-10 0.0 0.794911003001 0.490187621338 0.0 0.794910994083 -0.49018763403
0.0 -0.0872754982687 4.89806345317e-10 0.0 0.792707948991 0.488805742512 0.0 0.792707940013 -0.488805755213
0.0 -0.0869957093844 4.94413565819e-10 0.0 0.790487271035 0.487505541197 0.0 0.790487261998 -0.487505553906
0.0 -0.0867138512635 4.99135209731e-10 0.0 0.788250169495 0.48628863415 0.0 0.788250160399 -0.486288646869
0.0 -0.0864300751592 5.0370207691e-10 0.0 0.785997844869 0.485156611488 0.0 0.785997835712 -0.48515662424
0.0 -0.0861445321787 5.08297397376e-10 0.0 0.783731496491 0.484111033992 0.0 0.783731487272 -0.484111046784
0.0 -0.0858573731122 5.13213713652e-10 0.0 0.781452321186 0.483153430325 0.0 0.781452311905 -0.483153443164
0.0 -0.0855687482598 5.17875323415e-10 0.0 0.779161511888 0.482285294262 0.0 0.779161502543 -0.482285307147
0.0 -0.0852788072521 5.22227608557e-10 0.0 0.77686025621 0.481508081872 0.0 0.776860246802 -0.4815080948
0.0 -0.0849876988651 5.26085965975e-10 0.0 0.774549734988 0.48082320875 0.0 0.774549725515 -0.48082322173
0.0 -0.0846955708317 5.29640338531e-10 0.0 0.772231120781 0.480232047224 0.0 0.772231111242 -0.480232060271
0.0 -0.0844025696497 5.33100044785e-10 0.0 0.769905576344 0.479735923604 0.0 0.769905566737 -0.47973593671
0.0 -0.0841088403855 5.36589348561e-10 0.0 0.767574253069 0.479336115413 0.0 0.767574243396 -0.479336128578
0.0 -0.0838145264758 5.40004963661e-10 0.0 0.765238289413 0.479033848737 0.0 0.76523827967 -0.479033861964
0.0 -0.0835197695246 5.4378688624e-10 0.0 0.762898809285 0.478830295564 0.0 0.762898799473 -0.478830308854
0.0 -0.0832247090997 5.47157418516e-10 0.0 0.760556920439 0.478726571212 0.0 0.760556910556 -0.478726584565
0.0 -0.0829294825278 5.5064763768e-10 0.0 0.758213712834 0.478723731823 0.0 0.75821370288 -0.478723745246
0.0 -0.0826342246875 5.54101775328e-10 0.0 0.755870257004 0.478822771948 0.0 0.755870246977 -0.47882278544
0.0 -0.0823390678031 5.57493590358e-10 0.0 0.753527602412 0.479024622207 0.0 0.75352759231 -0.479024635771
0.0 -0.0820441412377 5.6067883299e-10 0.0 0.751186775813 0.47933014708 0.0 0.751186765637 -0.479330160716
0.0 -0.0817495712883 5.64218406785e-10 0.0 0.748848779627 0.479740142778 0.0 0.748848769375 -0.479740156483
0.0 -0.0814554809819 5.67823430771e-10 0.0 0.746514590319 0.480255335252 0.0 0.74651457999 -0.480255349029
0.0 -0.0811619898743 5.71491006222e-10 0.0 0.744185156804 0.480876378325 0.0 0.744185146396 -0.480876392175
0.0 -0.0808692138519 5.75231354962e-10 0.0 0.741861398873 0.481603851958 0.0 0.741861388386 -0.48160386588
0.0 -0.080577264938 5.79022202567e-10 0.0 0.739544205656 0.482438260653 0.0 0.739544195088 -0.48243827465
0.0 -0.0802862511034 5.82891849762e-10 0.0 0.737234434118 0.48338003201 0.0 0.737234423469 -0.483380046081
0.0 -0.0799962760827 5.86826794582e-10 0.0 0.734932907601 0.484429515426 0.0 0.734932896868 -0.48442952957
0.0 -0.0797074391967 5.90817806875e-10 0.0 0.732640414415 0.485586980949 0.0 0.732640403598 -0.485586995165
0.0 -0.0794198351827 5.94972520927e-10 0.0 0.730357706488 0.486852618294 0.0 0.730357695586 -0.486852632586
0.0 -0.0791335540316 5.98962465268e-10 0.0 0.72808549808 0.488226536023 0.0 0.728085487091 -0.488226550392
0.0 -0.0788486808346 6.03017249541e-10 0.0 0.72582446456 0.489708760874 0.0 0.725824453483 -0.489708775318
0.0 -0.0785652956394 6.07129321802e-10 0.0 0.723575241268 0.491299237258 0.0 0.723575230102 -0.49129925178
0.0 -0.0782834733162 6.11194785594e-10 0.0 0.721338422449 0.492997826925 0.0 0.721338411192 -0.492997841525
0.0 -0.0780032834351 6.15369485602e-10 0.0 0.719114560281 0.494804308776 0.0 0.719114548932 -0.494804323454
0.0 -0.077724790155 6.19503450876e-10 0.0 0.716904163993 0.496718378846 0.0 0.716904152551 -0.496718393602
0.0 -0.0774480521247 6.23663199558e-10 0.0 0.714707699082 0.498739650439 0.0 0.714707687545 -0.498739665278
0.0 -0.0771731223973 6.27880770204e-10 0.0 0.71252558663 0.500867654412 0.0 0.712525574997 -0.500867669336
0.0 -0.0769000483574 6.32138312762e-10 0.0 0.710358202735 0.503101839625 0.0 0.710358191004 -0.503101854635
0.0 -0.0766288716644 6.36377700138e-10 0.0 0.708205878043 0.505441573517 0.0 0.708205866213 -0.505441588615
0.0 -0.0763596282074 6.40674680631e-10 0.0 0.706068897405 0.50788614284 0.0 0.706068885475 -0.507886158025
0.0 -0.0760923480766 6.45009802261e-10 0.0 0.70394749965 0.510434754516 0.0 0.703947487617 -0.51043476979
0.0 -0.0758270555497 6.49392752877e-10 0.0 0.701841877469 0.513086536641 0.0 0.701841865333 -0.513086552005
0.0 -0.0755637690941 6.53525726482e-10 0.0 0.699752177439 0.515840539595 0.0 0.699752165197 -0.515840555049
0.0 -0.0753025013836 6.5742771736e-10 0.0 0.697678500152 0.518695737302 0.0 0.697678487804 -0.518695752847
0.0 -0.0750432593322 6.61064474772e-10 0.0 0.695620900486 0.521651028569 0.0 0.695620888029 -0.521651044207
0.0 -0.0747860441426 6.64795898486e-10 0.0 0.693579387987 0.524705238556 0.0 0.693579375419 -0.524705254297
0.0 -0.0745308513711 6.68814296115e-10 0.0 0.691553927382 0.527857120343 0.0 0.691553914703 -0.527857136194
0.0 -0.0742776710067 6.73148731205e-10 0.0 0.689544439218 0.531105356597 0.0 0.689544426426 -0.531105372549
0.0 -0.0740264875675 6.77800119143e-10 0.0 0.687550800614 0.534448561315 0.0 0.687550787706 -0.534448577368
0.0 -0.0737772802102 6.82225253856e-10 0.0 0.685572846135 0.537885281669 0.0 0.68557283311 -0.537885297825
0.0 -0.0735300228546 6.8672354327e-10 0.0 0.683610368788 0.541413999922 0.0 0.683610355644 -0.54141401619
0.0 -0.0732846843233 6.91259210999e-10 0.0 0.681663121118 0.545033135426 0.0 0.681663107853 -0.545033151807
0.0 -0.0730412284937 6.96066291058e-10 0.0 0.679730816418 0.548741046672 0.0 0.679730803031 -0.548741063164
0.0 -0.0727996144628 7.00679309013e-10 0.0 0.677813130044 0.552536033402 0.0 0.677813116533 -0.552536050006
0.0 -0.0725597967251 7.05310100737e-10 0.0 0.675909700819 0.556416338805 0.0 0.675909687182 -0.556416355516
0.0 -0.0723217253613 7.09968048951e-10 0.0 0.674020132534 0.560380151736 0.0 0.674020118769 -0.560380168551
0.0 -0.0720853462373 7.14453065249e-10 0.0 0.672143995527 0.564425608994 0.0 0.672143981631 -0.564425625911
0.0 -0.0718506012138 7.18942124508e-10 0.0 0.670280828346 0.568550797639 0.0 0.670280814319 -0.568550814658
0.0 -0.0716174283637 7.22943816319e-10 0.0 0.668430139478 0.572753757358 0.0 0.668430125316 -0.572753774483
0.0 -0.071385762198 7.26956950471e-10 0.0 0.666591409139 0.577032482853 0.0 0.66659139484 -0.577032500087
0.0 -0.071155533899 7.30991901353e-10 0.0 0.664764091119 0.581384926276 0.0 0.664764076683 -0.581384943618
0.0 -0.0709266715577 7.35031505454e-10 0.0 0.662947614679 0.585808999655 0.0 0.662947600103 -0.585809017104
0.0 -0.0706991004175 7.39100173101e-10 0.0 0.661141386477 0.590302577378 0.0 0.661141371759 -0.590302594932
0.0 -0.0704727431215 7.43186614518e-10 0.0 0.659344792531 0.594863498668 0.0 0.659344777667 -0.59486351633
0.0 -0.0702475199615 7.47264741167e-10 0.0 0.657557200196 0.599489570085 0.0 0.657557185187 -0.599489587856
0.0 -0.0700233491299 7.51198541754e-10 0.0 0.655777960168 0.604178568033 0.0 0.65577794501 -0.604178585913
0.0 -0.0698001469716 7.55252639487e-10 0.0 0.654006408477 0.608928241264 0.0 0.654006393168 -0.608928259254
0.0 -0.0695778282359 7.5929399808e-10 0.0 0.652241868488 0.613736313388 0.0 0.652241853026 -0.613736331488
0.0 -0.0693563063268 7.63188131884e-10 0.0 0.65048365289 0.618600485381 0.0 0.650483637274 -0.618600503592
0.0 -0.0691354935515 7.66922683172e-10 0.0 0.648731065665 0.623518438077 0.0 0.648731049892 -0.623518456398
0.0 -0.068915301365 7.70741678936e-10 0.0 0.646983404033 0.628487834642 0.0 0.646983388102 -0.628487853083
0.0 -0.0686956406117 7.74520168813e-10 0.0 0.645239960366 0.633506323047 0.0 0.645239944274 -0.633506341609
0.0 -0.0684764217614 7.78257008568e-10 0.0 0.643500024064 0.638571538503 0.0 0.64350000781 -0.638571557182
0.0 -0.0682575551402 7.81917794897e-10 0.0 0.641762883387 0.643681105872 0.0 0.641762866967 -0.643681124668
0.0 -0.068038951155 7.85511376542e-10 0.0 0.640027827235 0.648832642049 0.0 0.640027810648 -0.648832660959
0.0 -0.0678205205113 7.89158355778e-10 0.0 0.638294146875 0.654023758305 0.0 0.63829413012 -0.654023777332
0.0 -0.0676021744227 7.9284309474e-10 0.0 0.636561137614 0.659252062603 0.0 0.636561120688 -0.659252081746
0.0 -0.0673838248137 7.96490073977e-10 0.0 0.634828100395 0.664515161845 0.0 0.634828083296 -0.664515181103
0.0 -0.0671653845132 8.00160243025e-10 0.0 0.633094343342 0.669810664091 0.0 0.633094326068 -0.669810683464
0.0 -0.0669467674391 8.0347608091e-10 0.0 0.631359183222 0.675136180725 0.0 0.631359165772 -0.67513620021
0.0 -0.066727888774 8.06733944268e-10 0.0 0.629621946842 0.68048932855 0.0 0.629621929213 -0.680489348145
0.0 -0.0665086651319 8.09986467865e-10 0.0 0.627881972366 0.685867731839 0.0 0.627881954557 -0.685867751542
0.0 -0.0662890147141 8.13224040138e-10 0.0 0.626138610558 0.691269024319 0.0 0.626138592567 -0.691269044132
0.0 -0.0660688574561 8.16305920289e-10 0.0 0.624391225948 0.696690851096 0.0 0.624391207773 -0.696690871008
0.0 -0.0658481151644 8.19380172212e-10 0.0 0.622639197914 0.702130870482 0.0 0.622639179553 -0.70213089049
0.0 -0.0656267116431 8.22320777592e-10 0.0 0.620881921691 0.707586755796 0.0 0.620881903142 -0.707586775898
0.0 -0.0654045728111 8.25107292778e-10 0.0 0.619118809296 0.713056197072 0.0 0.619118790557 -0.713056217266
0.0 -0.0651816268086 8.27843080252e-10 0.0 0.617349290379 0.718536902683 0.0 0.61734927145 -0.718536922967
0.0 -0.0649578040942 8.3039784989e-10 0.0 0.615572812991 0.724026600905 0.0 0.615572793869 -0.724026621283
0.0 -0.0647330375323 8.32884346893e-10 0.0 0.613788844277 0.729523041398 0.0 0.613788824961 -0.729523061866
0.0 -0.0645072624712 8.35257564718e-10 0.0 0.611996871096 0.735023996604 0.0 0.611996851584 -0.735024017163
0.0 -0.064280416811 8.37515062334e-10 0.0 0.610196400564 0.740527263082 0.0 0.610196380855 -0.740527283727
0.0 -0.0640524410637 8.38850002129e-10 0.0 0.608386960524 0.746030662745 0.0 0.608386940616 -0.746030683477
0.0 -0.0638232784034 8.40064415931e-10 0.0 0.606568099949 0.75153204404 0.0 0.606568079841 -0.751532064854
0.0 -0.0635928747087 8.41161507595e-10 0.0 0.604739389279 0.757029283026 0.0 0.60473936897 -0.757029303921
0.0 -0.0633611785965 8.42132275814e-10 0.0 0.602900420687 0.762520284396 0.0 0.602900400175 -0.762520305371
0.0 -0.063128141448 8.42619261851e-10 0.0 0.601050808286 0.768002982408 0.0 0.60105078757 -0.768003003462
0.0 -0.0628937174273 8.43022032258e-10 0.0 0.599190188276 0.773475341749 0.0 0.599190167355 -0.773475362879
0.0 -0.0626578634926 8.43312515157e-10 0.0 0.597318219035 0.778935358319 0.0 0.597318197908 -0.77893537952
0.0 -0.0624205394009 8.43448373887e-10 0.0 0.595434581156 0.784381059943 0.0 0.595434559821 -0.784381081206
0.0 -0.0621817077058 8.43456688655e-10 0.0 0.593538977426 0.789810507 0.0 0.593538955883 -0.789810528324
0.0 -0.0619413337495 8.43246225861e-10 0.0 0.591631132767 0.795221793011 0.0 0.591631111015 -0.795221814394
0.0 -0.0616993856495 8.42827665024e-10 0.0 0.589710794128 0.800613045135 0.0 0.589710772166 -0.800613066574
0.0 -0.0614558342789 8.42305207729e-10 0.0 0.587777730329 0.805982424599 0.0 0.587777708157 -0.805982446094
0.0 -0.0612106532431 8.41843013431e-10 0.0 0.585831731876 0.81132812708 0.0 0.585831709492 -0.811328148627
0.0 -0.0609638188503 8.41177984567e-10 0.0 0.583872610731 0.816648383011 0.0 0.583872588135 -0.816648404608
0.0 -0.0607153100798 8.40320495525e-10 0.0 0.58190020005 0.821941457826 0.0 0.581900177242 -0.821941479474
0.0 -0.0604651085442 8.39325011849e-10 0.0 0.579914353896 0.82720565216 0.0 0.579914330873 -0.827205673861
0.0 -0.0602131984502 8.38148968031e-10 0.0 0.577914946913 0.832439301993 0.0 0.577914923676 -0.832439323744
0.0 -0.0599595665544 8.36988714644e-10 0.0 0.57590187399 0.837640778726 0.0 0.575901850538 -0.837640800522
0.0 -0.059704202117 8.35703510892e-10 0.0 0.573875049885 0.842808489218 0.0 0.573875026218 -0.842808511054
0.0 -0.0594470968539 8.34324479943e-10 0.0 0.571834408848 0.84794087579 0.0 0.571834384965 -0.84794089766
0.0 -0.0591882448841 8.32772517079e-10 0.0 0.569779904204 0.853036416145 0.0 0.569779880105 -0.85303643805
0.0 -0.058927642678 8.31353590501e-10 0.0 0.567711507938 0.858093623288 0.0 0.567711483623 -0.858093645225
0.0 -0.0586652890019 8.29808798171e-10 0.0 0.565629210255 0.863111045386 0.0 0.565629185727 -0.863111067349
0.0 -0.058401184862 8.28759993186e-10 0.0 0.563533019145 0.868087265579 0.0 0.563532994407 -0.868087287564
0.0 -0.0581353334474 8.27525364581e-10 0.0 0.561422959918 0.873020901774 0.0 0.56142293497 -0.873020923787
0.0 -0.0578677400706 8.2658236311e-10 0.0 0.559299074746 0.877910606425 0.0 0.559299049589 -0.877910628453
0.0 -0.0575984121095 8.26111625198e-10 0.0 0.557161422189 0.882755066214 0.0 0.557161396822 -0.882755088254
0.0 -0.0573273589475 8.25515402944e-10 0.0 0.55501007672 0.887553001768 0.0 0.555010051144 -0.887553023835
0.0 -0.0570545919143 8.241492637e-10 0.0 0.552845128261 0.89230316735 0.0 0.552845102476 -0.892303189442
0.0 -0.0567801242251 8.22700968446e-10 0.0 0.550666681691 0.897004350475 0.0 0.550666655709 -0.897004372599
0.0 -0.05650397092 8.2063501562e-10 0.0 0.548474856395 0.901655371565 0.0 0.548474830216 -0.901655393722
0.0 -0.0562261488055 8.17833854237e-10 0.0 0.546269785759 0.906255083515 0.0 0.546269759383 -0.906255105694
0.0 -0.0559466763943 8.14208081472e-10 0.0 0.544051616716 0.910802371301 0.0 0.544051590145 -0.910802393488
0.0 -0.0556655738469 8.10448814729e-10 0.0 0.541820509286 0.915296151545 0.0 0.541820482519 -0.915296173738
0.0 -0.0553828629113 8.06520353901e-10 0.0 0.539576636089 0.919735372079 0.0 0.539576609135 -0.919735394276
0.0 -0.0550985668678 8.02637662438e-10 0.0 0.537320181899 0.924119011482 0.0 0.537320154759 -0.924119033671
0.0 -0.0548127104707 7.98623536616e-10 0.0 0.535051343189 0.928446078618 0.0 0.535051315863 -0.928446100796
0.0 -0.0545253198925 7.94375987037e-10 0.0 0.532770327687 0.932715612162 0.0 0.532770300177 -0.932715634319
0.0 -0.0542364226677 7.89934909328e-10 0.0 0.530477353928 0.936926680095 0.0 0.530477326234 -0.936926702241
0.0 -0.0539460476396 7.8538047616e-10 0.0 0.528172650855 0.94107837923 0.0 0.528172622977 -0.941078401362
0.0 -0.0536542249085 7.80637244364e-10 0.0 0.525856457354 0.94516983472 0.0 0.525856429304 -0.945169856832
0.0 -0.0533609857757 7.75695754938e-10 0.0 0.523529021876 0.949200199541 0.0 0.523528993667 -0.949200221631
0.0 -0.0530663626986 7.70676686439e-10 0.0 0.521190602036 0.953168654006 0.0 0.52119057367 -0.953168676074
0.0 -0.052770389236 7.65417176213e-10 0.0 0.518841464182 0.957074405258 0.0 0.518841435659 -0.957074427301
0.0 -0.0524731000022 7.60034393832e-10 0.0 0.516481883062 0.960916686761 0.0 0.516481854383 -0.960916708776
0.0 -0.0521745306198 7.54569989418e-10 0.0 0.514112141426 0.964694757805 0.0 0.514112112592 -0.964694779791
0.0 -0.0518747176736 7.4907057144e-10 0.0 0.511732529648 0.968407902999 0.0 0.51173250066 -0.968407924957
0.0 -0.0515736986664 7.43382507398e-10 0.0 0.509343345375 0.972055431778 0.0 0.509343316235 -0.972055453709
0.0 -0.0512715119757 7.37575671856e-10 0.0 0.506944893209 0.97563667791 0.0 0.506944863917 -0.975636699811
0.0 -0.0509681968127 7.3156607803e-10 0.0 0.504537484377 0.979150999001 0.0 0.504537454935 -0.97915102087
0.0 -0.0506637931791 7.25404606196e-10 0.0 0.502121436366 0.982597776014 0.0 0.502121406775 -0.982597797846
0.0 -0.0503583418307 7.19129855186e-10 0.0 0.499697072655 0.985976412788 0.0 0.499697042929 -0.985976434592
0.0 -0.0500518842382 7.12991954574e-10 0.0 0.497264722381 0.989286335572 0.0 0.497264692523 -0.989286357345
0.0 -0.0497444625516 7.06621087899e-10 0.0 0.494824720113 0.992526992556 0.0 0.494824690122 -0.992527014294
0.0 -0.0494361195618 7.00254798159e-10 0.0 0.492377405474 0.995697853413 0.0 0.492377375354 -0.995697875117
0.0 -0.0491268986696 6.93642803215e-10 0.0 0.489923122937 0.998798408855 0.0 0.489923092688 -0.998798430522
0.0 -0.048816843852 6.86779687025e-10 0.0 0.487462221541 1.0018281702 0.0 0.487462191178 -1.00182819182
0.0 -0.0485059996282 6.79958831215e-10 0.0 0.484995054629 1.00478666892 0.0 0.484995024167 -1.00478669048
0.0 -0.0481944110314 6.74346057778e-10 0.0 0.482521979631 1.00767345622 0.0 0.482521949084 -1.00767347773
0.0 -0.0478821235776 6.68626641722e-10 0.0 0.480043357825 1.01048810267 0.0 0.480043327194 -1.01048812413
0.0 -0.0475691832394 6.62625133817e-10 0.0 0.477559554091 1.01323019776 0.0 0.477559523378 -1.01323021916
0.0 -0.0472556364158 6.56518814067e-10 0.0 0.475070936713 1.01589934954 0.0 0.475070905919 -1.01589937087
0.0 -0.0469415299091 6.49941146146e-10 0.0 0.472577877142 1.01849518419 0.0 0.472577846269 -1.01849520546
0.0 -0.0466269108961 6.4297550658e-10 0.0 0.470080749814 1.02101734573 0.0 0.470080718863 -1.02101736693
0.0 -0.046311826905 6.35909708389e-10 0.0 0.467579931985 1.0234654956 0.0 0.467579900957 -1.02346551673
0.0 -0.0459963257933 6.28510861789e-10 0.0 0.465075803498 1.02583931234 0.0 0.465075772388 -1.02583933341
0.0 -0.0456804557244 6.21098131815e-10 0.0 0.462568746618 1.02813849127 0.0 0.462568715427 -1.02813851227
0.0 -0.0453642651462 6.13326951435e-10 0.0 0.460059145874 1.03036274414 0.0 0.460059114604 -1.03036276507
0.0 -0.0450478027698 6.05738314538e-10 0.0 0.457547387886 1.03251179886 0.0 0.457547356538 -1.03251181972
0.0 -0.04473111755 5.97760332914e-10 0.0 0.455033861214 1.03458539917 0.0 0.455033829785 -1.03458541997
0.0 -0.0444142586659 5.9000173911e-10 0.0 0.452518956182 1.03658330436 0.0 0.452518924674 -1.0365833251
0.0 -0.0440972755026 5.82153895045e-10 0.0 0.450003064766 1.03850528906 0.0 0.450003033179 -1.03850530972
0.0 -0.0437802176333 5.73867656752e-10 0.0 0.447486580433 1.04035114287 0.0 0.44748654877 -1.04035116346
0.0 -0.0434631348023 5.65534047166e-10 0.0 0.444969898001 1.04212067022 0.0 0.444969866264 -1.04212069076
0.0 -0.0431460769092 5.56722300288e-10 0.0 0.442453413522 1.04381369011 0.0 0.442453381711 -1.04381371058
0.0 -0.0428290939922 5.47876989208e-10 0.0 0.43993752415 1.04543003587 0.0 0.439937492268 -1.04543005627
0.0 -0.0425122362134 5.38869502015e-10 0.0 0.437422628022 1.04696955498 0.0 0.437422596069 -1.04696957531
0.0 -0.0421955538441 5.29773908795e-10 0.0 0.434909124141 1.04843210886 0.0 0.43490909212 -1.04843212913
0.0 -0.0418790972506 5.20644980221e-10 0.0 0.432397412265 1.04981757273 0.0 0.432397380177 -1.04981759293
0.0 -0.0415629168805 5.11431683452e-10 0.0 0.429887892797 1.05112583543 0.0 0.429887860645 -1.05112585553
0.0 -0.0412470632498 5.0219580713e-10 0.0 0.427380966684 1.05235679924 0.0 0.427380934468 -1.05235681925
0.0 -0.0409315869299 4.92873502992e-10 0.0 0.424877035312 1.05351037981 0.0 0.424877003034 -1.0535103997
0.0 -0.0406165385356 4.84438437982e-10 0.0 0.42237650041 1.05458650598 0.0 0.422376468073 -1.05458652577
0.0 -0.0403019687133 4.76055016072e-10 0.0 0.419879763958 1.05558511976 0.0 0.419879731563 -1.0555851394
0.0 -0.0399879281288 4.66577248659e-10 0.0 0.417387228095 1.05650617613 0.0 0.417387195643 -1.05650619561
0.0 -0.0396744674573 4.57029301554e-10 0.0 0.414899295026 1.05734964305 0.0 0.41489926252 -1.05734966239
0.0 -0.0393616373714 4.4740690295e-10 0.0 0.412416366943 1.0581155014 0.0 0.412416334385 -1.05811552058
0.0 -0.0390494885317 4.37710281693e-10 0.0 0.40993884594 1.05880374489 0.0 0.409938813331 -1.05880376392
0.0 -0.0387380715759 4.27940276889e-10 0.0 0.407467133928 1.05941438008 0.0 0.407467101269 -1.05941439897
0.0 -0.0384274371093 4.1822817033e-10 0.0 0.405001632562 1.05994742637 0.0 0.405001599856 -1.05994744511
0.0 -0.0381176356952 4.08438408417e-10 0.0 0.402542743163 1.06040291596 0.0 0.402542710412 -1.06040293457
0.0 -0.0378087178455 3.97573447852e-10 0.0 0.400090866647 1.06078089393 0.0 0.400090833851 -1.06078091244
0.0 -0.0375007340119 3.8664418133e-10 0.0 0.397646403448 1.06108141828 0.0 0.39764637061 -1.06108143667
0.0 -0.0371937345769 3.75793561832e-10 0.0 0.395209753452 1.06130455993 0.0 0.395209720573 -1.06130457822
0.0 -0.0368877698454 3.6438692084e-10 0.0 0.392781315932 1.06145040287 0.0 0.392781283015 -1.06145042106
0.0 -0.0365828900368 3.52919559157e-10 0.0 0.390361489478 1.06151904422 0.0 0.390361456524 -1.0615190623
0.0 -0.0362791452766 3.41400096681e-10 0.0 0.387950671938 1.06151059435 0.0 0.387950638949 -1.06151061231
0.0 -0.0359765855891 3.29824185323e-10 0.0 0.385549260356 1.06142517699 0.0 0.385549227333 -1.06142519485
0.0 -0.0356752608898 3.18209064875e-10 0.0 0.383157650912 1.06126292946 0.0 0.383157617858 -1.06126294721
0.0 -0.0353752209788 3.06538944908e-10 0.0 0.380776238869 1.06102400275 0.0 0.380776205785 -1.06102402039
0.0 -0.0350765155334 2.9481443568e-10 0.0 0.378405418518 1.06070856179 0.0 0.378405385406 -1.06070857932
0.0 -0.0347791941022 2.8306772831e-10 0.0 0.376045583127 1.06031678562 0.0 0.376045549989 -1.06031680304
0.0 -0.0344833060989 2.71263809235e-10 0.0 0.373697124893 1.05984886767 0.0 0.37369709173 -1.05984888499
0.0 -0.0341889007965 2.59406492568e-10 0.0 0.371360434897 1.05930501599 0.0 0.371360401712 -1.0593050332
0.0 -0.0338960273226 2.47380515792e-10 0.0 0.369035903065 1.05868545355 0.0 0.369035869859 -1.05868547064
0.0 -0.0336047346537 2.35306481185e-10 0.0 0.366723918126 1.05799041853 0.0 0.366723884901 -1.05799043551
0.0 -0.033315071612 2.23183397075e-10 0.0 0.36442486758 1.0572201647 0.0 0.364424834339 -1.05722018156
0.0 -0.0330270868606 2.10300083823e-10 0.0 0.36213913767 1.05637496172 0.0 0.362139104414 -1.05637497845
0.0 -0.0327408289011 1.97538898491e-10 0.0 0.359867113352 1.05545509559 0.0 0.359867080083 -1.05545511217
0.0 -0.0324563460706 1.84639260832e-10 0.0 0.357609178279 1.05446086896 0.0 0.357609144999 -1.05446088539
0.0 -0.0321736865399 1.71700337802e-10 0.0 0.355365714784 1.05339260169 0.0 0.355365681494 -1.05339261797
0.0 -0.0318928983124 1.57973266318e-10 0.0 0.353137103871 1.05225063123 0.0 0.353137070574 -1.05225064735
0.0 -0.0316140292238 1.44176701681e-10 0.0 0.350923725213 1.05103531315 0.0 0.350923691911 -1.05103532911
0.0 -0.0313371269424 1.30431780144e-10 0.0 0.348725957156 1.04974702167 0.0 0.348725923849 -1.04974703748
0.0 -0.0310622389709 1.1717132733e-10 0.0 0.346544176727 1.04838615019 0.0 0.346544143418 -1.04838616584
0.0 -0.0307894126484 1.03922927114e-10 0.0 0.344378759661 1.0469531119 0.0 0.344378726351 -1.04695312739
0.0 -0.0305186951546 9.06601095487e-11 0.0 0.342230080421 1.04544834037 0.0 0.342230047113 -1.04544835571
0.0 -0.0302501335139 7.73988176289e-11 0.0 0.340098512242 1.04387229023 0.0 0.340098478937 -1.0438723054
0.0 -0.0299837746016 6.4089620441e-11 0.0 0.337984427175 1.04222543781 0.0 0.337984393876 -1.04222545282
0.0 -0.0297196651516 5.08139874537e-11 0.0 0.335888196147 1.0405082819 0.0 0.335888162855 -1.04050829673
0.0 -0.0294578517646 3.75005184585e-11 0.0 0.333810189029 1.03872134444 0.0 0.333810155745 -1.03872135909
0.0 -0.0291983809186 2.41640884988e-11 0.0 0.331750774718 1.03686517136 0.0 0.331750741446 -1.03686518584
0.0 -0.0289412989809 1.0804239881e-11 0.0 0.329710321234 1.03494033337 0.0 0.329710287974 -1.03494034768
0.0 -0.0286866522219 -2.57078890935e-12 0.0 0.327689195824 1.03294742679 0.0 0.327689162579 -1.03294744092
0.0 -0.0284344868302 -1.6016073674e-11 0.0 0.325687765089 1.03088707447 0.0 0.325687731859 -1.03088708843
0.0 -0.0281848489299 -2.95163579582e-11 0.0 0.323706395118 1.02875992669 0.0 0.323706361906 -1.02875994048
0.0 -0.0279377846007 -4.30222108484e-11 0.0 0.321745451643 1.02656666213 0.0 0.321745418452 -1.02656667573
0.0 -0.0276933398983 -5.65322592637e-11 0.0 0.319805300214 1.02430798881 0.0 0.319805267044 -1.02430800223
0.0 -0.027451560879 -7.00923488507e-11 0.0 0.317886306378 1.02198464519 0.0 0.317886273231 -1.02198465842
0.0 -0.0272124936252 -8.3647785219e-11 0.0 0.315988835892 1.01959740117 0.0 0.315988802771 -1.01959741422
0.0 -0.0269761842738 -9.72115363551e-11 0.0 0.314113254946 1.01714705918 0.0 0.314113221852 -1.01714707206
0.0 -0.0267426790469 -1.10856222984e-10 0.0 0.312259930407 1.01463445538 0.0 0.312259897341 -1.01463446809
0.0 -0.0265120242853 -1.24464294121e-10 0.0 0.310429230081 1.01206046073 0.0 0.310429197045 -1.01206047327
0.0 -0.0262842664842 -1.37628021013e-10 0.0 0.308621523001 1.0094259822 0.0 0.308621489999 -1.00942599457
0.0 -0.0260594523317 -1.50921732899e-10 0.0 0.306837179734 1.00673196403 0.0 0.306837146766 -1.00673197622
0.0 -0.0258376287502 -1.64198128709e-10 0.0 0.305076572703 1.00397938889 0.0 0.305076539771 -1.0039794009
0.0 -0.025618842941 -1.77930158542e-10 0.0 0.303340076542 1.00116927924 0.0 0.303340043647 -1.00116929108
0.0 -0.0254031424292 -1.9163251457e-10 0.0 0.301628068461 0.998302698565 0.0 0.301628035605 -0.998302710236
0.0 -0.0251905751152 -2.05297492283e-10 0.0 0.299940928646 0.995380752715 0.0 0.299940895832 -0.995380764214
0.0 -0.024981189326 -2.18959723835e-10 0.0 0.29827904067 0.99240459123 0.0 0.298279007899 -0.992404602558
0.0 -0.0247750338708 -2.32768188506e-10 0.0 0.296642791932 0.989375408695 0.0 0.296642759206 -0.989375419852
0.0 -0.0245721580985 -2.46997883894e-10 0.0 0.295032574117 0.986294446103 0.0 0.295032541437 -0.986294457082
0.0 -0.024372611959 -2.61169604754e-10 0.0 0.293448783677 0.983162992222 0.0 0.293448751045 -0.983163003024
0.0 -0.0241764460662 -2.76205603778e-10 0.0 0.291891822332 0.979982384972 0.0 0.29189178975 -0.979982395601
0.0 -0.0239837117634 -2.915045478e-10 0.0 0.290362097597 0.976754012814 0.0 0.290362065066 -0.976754023258
0.0 -0.0237944611926 -3.06728506347e-10 0.0 0.288860023321 0.97347931608 0.0 0.288859990844 -0.973479326341
0.0 -0.0236087473645 -3.2161888251e-10 0.0 0.287386020253 0.970159788378 0.0 0.28738598783 -0.970159798456
0.0 -0.0234266242323 -3.36420389824e-10 0.0 0.285940516618 0.966796977915 0.0 0.285940484251 -0.966796987812
0.0 -0.0232481467662 -3.51121204536e-10 0.0 0.284523948716 0.963392488831 0.0 0.284523916407 -0.963392498548
0.0 -0.0230733710312 -3.6627094043e-10 0.0 0.283136761535 0.959947982477 0.0 0.283136729286 -0.959947992015
0.0 -0.022902354266 -3.81308312535e-10 0.0 0.281779409377 0.956465178694 0.0 0.281779377189 -0.956465188045
0.0 -0.0227351549626 -3.95870980049e-10 0.0 0.280452356495 0.952945857003 0.0 0.28045232437 -0.952945866181
0.0 -0.0225718329489 -4.10185959019e-10 0.0 0.279156077742 0.949391857795 0.0 0.279156045681 -0.9493918668
0.0 -0.0224124494708 -4.2426041998e-10 0.0 0.277891059226 0.945805083399 0.0 0.277891027231 -0.94580509224
0.0 -0.0222570672758 -4.38010681276e-10 0.0 0.276657798976 0.94218749915 0.0 0.276657767048 -0.942187507817
0.0 -0.0221057506971 -4.51466798123e-10 0.0 0.275456807602 0.938541134305 0.0 0.275456775743 -0.938541142801
0.0 -0.0219585657368 -4.64691550834e-10 0.0 0.274288608964 0.934868082923 0.0 0.274288577175 -0.934868091242
0.0 -0.0218155801499 -4.77675098994e-10 0.0 0.273153740832 0.931170504628 0.0 0.273153709115 -0.931170512747
0.0 -0.0216768635265 -4.90542926945e-10 0.0 0.272052755541 0.927450625216 0.0 0.272052723903 -0.927450633138
0.0 -0.0215424873741 -5.03616030495e-10 0.0 0.270986220657 0.923710737223 0.0 0.270986189094 -0.923710744945
0.0 -0.0214125251975 -5.16710798211e-10 0.0 0.269954719573 0.919953200265 0.0 0.269954688092 -0.919953207781
0.0 -0.0212870525758 -5.29730504169e-10 0.0 0.268958852164 0.916180441284 0.0 0.268958820766 -0.9161804486
0.0 -0.0211661472376 -5.4288751822e-10 0.0 0.267999235364 0.912394954612 0.0 0.26799920405 -0.912394961735
0.0 -0.021049889133 -5.55816677119e-10 0.0 0.267076503734 0.90859930184 0.0 0.267076472506 -0.908599308776
0.0 -0.0209383605015 -5.68498452603e-10 0.0 0.266191310009 0.904796111507 0.0 0.266191278869 -0.90479611826
0.0 -0.0208316459352 -5.80902713175e-10 0.0 0.265344325601 0.900988078577 0.0 0.265344294543 -0.900988085144
0.0 -0.0207298324366 -5.92980943308e-10 0.0 0.264536241043 0.897177963666 0.0 0.264536210066 -0.897177970053
0.0 -0.0206330094717 -6.04933612817e-10 0.0 0.263767766427 0.893368592066 0.0 0.263767735534 -0.893368598275
0.0 -0.0205412690149 -6.16603198808e-10 0.0 0.263039631756 0.889562852483 0.0 0.263039600947 -0.88956285851
0.0 -0.0204547055877 -6.28018230851e-10 0.0 0.262352587243 0.885763695482 0.0 0.262352556518 -0.885763701334
0.0 -0.0203734162887 -6.39167953145e-10 0.0 0.261707403557 0.881974131697 0.0 0.261707372918 -0.88197413737
0.0 -0.0202975008146 -6.49724580758e-10 0.0 0.261104871994 0.878197229658 0.0 0.261104841442 -0.87819723517
0.0 -0.020227061471 -6.59875310392e-10 0.0 0.260545804553 0.874436113385 0.0 0.26054577409 -0.874436118735
0.0 -0.0201622031732 -6.69620370893e-10 0.0 0.260031033944 0.870693959549 0.0 0.260031003571 -0.870693964744
0.0 -0.0201030334344 -6.78988291831e-10 0.0 0.2595614135 0.866973994331 0.0 0.259561383217 -0.866973999383
0.0 -0.0200496623424 -6.87819872101e-10 0.0 0.259137816985 0.863279489923 0.0 0.259137786794 -0.863279494838
0.0 -0.0200022025217 -6.96252953772e-10 0.0 0.258761138299 0.859613760618 0.0 0.258761108202 -0.859613765404
0.0 -0.0199607690821 -7.04226511024e-10 0.0 0.258432291069 0.85598015853 0.0 0.258432261068 -0.855980163193
0.0 -0.0199254795518 -7.11696071292e-10 0.0 0.258152208114 0.852382068904 0.0 0.25815217821 -0.852382073452
0.0 -0.0198964537938 -7.18636690272e-10 0.0 0.257921840789 0.84882290503 0.0 0.257921810982 -0.848822909473
0.0 -0.0198738139063 -7.25030365348e-10 0.0 0.257742158185 0.845306102741 0.0 0.257742128476 -0.845306107087
0.0 -0.0198576841042 -7.30852533627e-10 0.0 0.257614146194 0.841835114494 0.0 0.257614116586 -0.841835118753
0.0 -0.019848190583 -7.36117459895e-10 0.0 0.25753880643 0.83841340305 0.0 0.257538776923 -0.838413407231
0.0 -0.0198454613626 -7.40783036336e-10 0.0 0.257517154986 0.835044434733 0.0 0.257517125582 -0.835044438846
0.0 -0.0198496261122 -7.44846364224e-10 0.0 0.257550221046 0.831731672298 0.0 0.257550191745 -0.831731676352
0.0 -0.0198608159539 -7.48279600529e-10 0.0 0.257639045325 0.828478567405 0.0 0.257639016129 -0.82847857141
0.0 -0.0198791632464 -7.51063903529e-10 0.0 0.257784678354 0.825288552726 0.0 0.257784649264 -0.825288556692
0.0 -0.0199048013472 -7.53168912879e-10 0.0 0.25798817859 0.822165033689 0.0 0.257988149607 -0.822165037626
0.0 -0.019937864354 -7.54612249785e-10 0.0 0.258250610366 0.819111379904 0.0 0.25825058149 -0.819111383824
0.0 -0.0199784868248 -7.55377818687e-10 0.0 0.258573041668 0.816130916284 0.0 0.258573012901 -0.816130920198
0.0 -0.0200268034774 -7.55506278036e-10 0.0 0.258956541752 0.8132269139 0.0 0.258956513094 -0.813226917818
0.0 -0.0200829488687 -7.54935839191e-10 0.0 0.259402178594 0.810402580613 0.0 0.259402150047 -0.810402584548
0.0 -0.0201470570536 -7.53655898916e-10 0.0 0.259911016188 0.807661051524 0.0 0.259910987752 -0.807661055487
0.0 -0.0202192612256 -7.51594675591e-10 0.0 0.26048411169 0.805005379281 0.0 0.260484083366 -0.805005383283
0.0 -0.0202996933393 -7.48856675931e-10 0.0 0.261122512423 0.802438524316 0.0 0.261122484211 -0.80243852837
0.0 -0.020388483716 -7.45375915769e-10 0.0 0.261827252746 0.799963345049 0.0 0.261827224648 -0.799963349167
0.0 -0.0204857606345 -7.41144538032e-10 0.0 0.262599350809 0.797582588129 0.0 0.262599322825 -0.797582592326
0.0 -0.0205916499088 -7.36185579965e-10 0.0 0.263439805196 0.795298878778 0.0 0.263439777327 -0.795298883067
0.0 -0.0207062744537 -7.30433438813e-10 0.0 0.264349591482 0.793114711296 0.0 0.264349563728 -0.793114715691
0.0 -0.0208297538417 -7.23949292961e-10 0.0 0.265329658713 0.791032439807 0.0 0.265329631074 -0.791032444317
0.0 -0.0209622038528 -7.16734820617e-10 0.0 0.266380925835 0.789054269294 0.0 0.266380898313 -0.789054273932
0.0 -0.0211037360206 -7.08781554449e-10 0.0 0.26750427809 0.787182247031 0.0 0.267504250683 -0.787182251808
0.0 -0.0212544571756 -7.00093308572e-10 0.0 0.268700563391 0.785418254443 0.0 0.268700536101 -0.785418259371
0.0 -0.0214144689914 -6.90624313621e-10 0.0 0.269970588721 0.783763999482 0.0 0.269970561547 -0.783764004572
0.0 -0.0215838675341 -6.80446885191e-10 0.0 0.271315116555 0.782221009586 0.0 0.271315089499 -0.78222101485
0.0 -0.0217627428191 -6.6964378955e-10 0.0 0.272734861348 0.780790625275 0.0 0.272734834408 -0.780790630725
0.0 -0.0219511783793 -6.58157509864e-10 0.0 0.274230486099 0.779473994451 0.0 0.274230459276 -0.779474000098
0.0 -0.0221492508459 -6.46002844892e-10 0.0 0.27580259903 0.778272067456 0.0 0.275802572323 -0.778272073309
0.0 -0.0223570295463 -6.33182617081e-10 0.0 0.277451750391 0.777185592916 0.0 0.277451723799 -0.777185598986
0.0 -0.0225745761212 -6.19761513797e-10 0.0 0.279178429426 0.776215114449 0.0 0.27917840295 -0.776215120747
0.0 -0.0228019441653 -6.05706047123e-10 0.0 0.280983061515 0.775360968238 0.0 0.280983035153 -0.775360974772
0.0 -0.0230391788918 -5.91036508143e-10 0.0 0.282866005515 0.774623281503 0.0 0.282865979267 -0.774623288284
0.0 -0.0232863168257 -5.75807209837e-10 0.0 0.284827551325 0.774001971904 0.0 0.28482752519 -0.77400197894
0.0 -0.0235433855267 -5.59997174578e-10 0.0 0.286867917686 0.773496747857 0.0 0.286867891663 -0.773496755157
0.0 -0.023810403344 -5.43657587774e-10 0.0 0.288987250236 0.773107109787 0.0 0.288987224324 -0.773107117359
0.0 -0.0240873792056 -5.26803248186e-10 0.0 0.291185619837 0.772832352291 0.0 0.291185594035 -0.772832360144
