0.0 0.0 0.0 0.0 0.0 2.0
0.0 0.0 7.87249108673e-07 0.0 0.0 1.99949687365
0.0 0.0 2.36310224823e-06 0.0 0.0 1.99899061558
0.0 0.0 4.72892696314e-06 0.0 0.0 1.99848122035
0.0 0.0 7.88610348924e-06 0.0 0.0 1.99796868247
0.0 0.0 1.18360248232e-05 0.0 0.0 1.99745299643
0.0 0.0 1.65800967934e-05 0.0 0.0 1.99693415663
0.0 0.0 2.21197381311e-05 0.0 0.0 1.99641215745
0.0 0.0 2.84563805428e-05 0.0 0.0 1.99588699319
0.0 0.0 3.55914687831e-05 0.0 0.0 1.99535865812
0.0 0.0 4.35264607282e-05 0.0 0.0 1.99482714644
0.0 0.0 5.22628274509e-05 0.0 0.0 1.99429245233
0.0 0.0 6.18020532955e-05 0.0 0.0 1.99375456988
0.0 0.0 7.21456359543e-05 0.0 0.0 1.99321349314
0.0 0.0 8.32950865445e-05 0.0 0.0 1.99266921611
0.0 0.0 9.52519296859e-05 0.0 0.0 1.99212173275
0.0 0.0 0.00010801770358 0.0 0.0 1.99157103693
0.0 0.0 0.000121593960088 0.0 0.0 1.9910171225
0.0 0.0 0.000135982264815 0.0 0.0 1.99045998325
0.0 0.0 0.000151184197185 0.0 0.0 1.98989961289
0.0 0.0 0.000167201350531 0.0 0.0 1.9893360051
0.0 0.0 0.000184035332171 0.0 0.0 1.9887691535
0.0 0.0 0.000201687763495 0.0 0.0 1.98819905165
0.0 0.0 0.000220160280049 0.0 0.0 1.98762569305
0.0 0.0 0.000239454531623 0.0 0.0 1.98704907115
0.0 0.0 0.000259572182334 0.0 0.0 1.98646917935
0.0 0.0 0.000280514910715 0.0 0.0 1.98588601097
0.0 0.0 0.000302284409807 0.0 0.0 1.9852995593
0.0 0.0 0.000324882387242 0.0 0.0 1.98470981755
0.0 0.0 0.000348310565337 0.0 0.0 1.98411677888
0.0 0.0 0.000372570681187 0.0 0.0 1.9835204364
0.0 0.0 0.000397664486753 0.0 0.0 1.98292078314
0.0 0.0 0.000423593748959 0.0 0.0 1.9823178121
0.0 0.0 0.000450360249784 0.0 0.0 1.98171151619
0.0 0.0 0.00047796578636 0.0 0.0 1.98110188827
0.0 0.0 0.000506412171065 0.0 0.0 1.98048892115
0.0 0.0 0.00053570123162 0.0 0.0 1.97987260758
0.0 0.0 0.000565834811193 0.0 0.0 1.97925294023
0.0 0.0 0.000596814768491 0.0 0.0 1.97862991171
0.0 0.0 0.000628642977866 0.0 0.0 1.97800351459
0.0 0.0 0.000661321329413 0.0 0.0 1.97737374137
0.0 0.0 0.000694851729075 0.0 0.0 1.97674058446
0.0 0.0 0.000729236098744 0.0 0.0 1.97610403625
0.0 0.0 0.000764476376368 0.0 0.0 1.97546408902
0.0 0.0 0.000800574516056 0.0 0.0 1.97482073503
0.0 0.0 0.000837532488185 0.0 0.0 1.97417396645
0.0 0.0 0.000875352279508 0.0 0.0 1.97352377539
0.0 0.0 0.000914035893262 0.0 0.0 1.97287015389
0.0 0.0 0.00095358534928 0.0 0.0 1.97221309393
0.0 0.0 0.000994002684102 0.0 0.0 1.97155258743
0.0 0.0 0.00103528995109 0.0 0.0 1.97088862622
0.0 0.0 0.00107744922053 0.0 0.0 1.9702212021
0.0 0.0 0.00112048257977 0.0 0.0 1.96955030676
0.0 0.0 0.0011643921333 0.0 0.0 1.96887593186
0.0 0.0 0.00120918000293 0.0 0.0 1.96819806896
0.0 0.0 0.00125484832783 0.0 0.0 1.96751670957
0.0 0.0 0.00130139926472 0.0 0.0 1.96683184512
0.0 0.0 0.00134883498793 0.0 0.0 1.96614346699
0.0 0.0 0.0013971576896 0.0 0.0 1.96545156646
0.0 0.0 0.0014463695797 0.0 0.0 1.96475613476
0.0 0.0 0.00149647288627 0.0 0.0 1.96405716304
0.0 0.0 0.00154746985544 0.0 0.0 1.96335464239
0.0 0.0 0.00159936275163 0.0 0.0 1.9626485638
0.0 0.0 0.00165215385767 0.0 0.0 1.96193891821
0.0 0.0 0.00170584547488 0.0 0.0 1.96122569649
0.0 0.0 0.00176043992325 0.0 0.0 1.96050888942
0.0 0.0 0.00181593954158 0.0 0.0 1.95978848771
0.0 0.0 0.00187234668757 0.0 0.0 1.959064482
0.0 0.0 0.00192966373799 0.0 0.0 1.95833686285
0.0 0.0 0.0019878930888 0.0 0.0 1.95760562074
0.0 0.0 0.0020470371553 0.0 0.0 1.95687074609
0.0 0.0 0.00210709837227 0.0 0.0 1.95613222923
0.0 0.0 0.0021680791941 0.0 0.0 1.9553900604
0.0 0.0 0.00222998209494 0.0 0.0 1.95464422979
0.0 0.0 0.00229280956917 0.0 0.0 1.95389472749
0.0 0.0 0.0023565641309 0.0 0.0 1.9531415435
0.0 0.0 0.00242124831443 0.0 0.0 1.95238466778
0.0 0.0 0.0024868646741 0.0 0.0 1.95162409017
0.0 0.0 0.00255341578506 0.0 0.0 1.95085980045
0.0 0.0 0.00262090424309 0.0 0.0 1.95009178831
0.0 0.0 0.0026893326648 0.0 0.0 1.94932004335
0.0 0.0 0.00275870368774 0.0 0.0 1.94854455512
0.0 0.0 0.00282901997059 0.0 0.0 1.94776531303
0.0 0.0 0.00290028419327 0.0 0.0 1.94698230647
