0.0 0.0 0.0 0.0 0.0 2.0
0.0 0.0 7.87249108673e-07 0.0 0.0 1.99899687365
0.0 0.0 2.36444868087e-06 0.0 0.0 1.99799061023
0.0 0.0 4.73431886014e-06 0.0 0.0 1.99698119893
0.0 0.0 7.89959872923e-06 0.0 0.0 1.99596862888
0.0 0.0 1.18630464627e-05 0.0 0.0 1.99495288912
0.0 0.0 1.66274394809e-05 0.0 0.0 1.99393396863
0.0 0.0 2.21955746052e-05 0.0 0.0 1.99291185628
0.0 0.0 2.85702682154e-05 0.0 0.0 1.99188654091
0.0 0.0 3.57543564077e-05 0.0 0.0 1.99085801125
0.0 0.0 4.3750695155e-05 0.0 0.0 1.98982625596
0.0 0.0 5.25621604684e-05 0.0 0.0 1.98879126361
0.0 0.0 6.2191648561e-05 0.0 0.0 1.9877530227
0.0 0.0 7.26420760121e-05 0.0 0.0 1.98671152166
0.0 0.0 8.39163799339e-05 0.0 0.0 1.98566674881
0.0 0.0 9.60175181402e-05 0.0 0.0 1.98461869242
0.0 0.0 0.000108948469316 0.0 0.0 1.98356734065
0.0 0.0 0.000122712233187 0.0 0.0 1.98251268159
0.0 0.0 0.000137311830698 0.0 0.0 1.98145470324
0.0 0.0 0.000152750304183 0.0 0.0 1.98039339352
0.0 0.0 0.000169030717542 0.0 0.0 1.97932874026
0.0 0.0 0.000186156156422 0.0 0.0 1.97826073122
0.0 0.0 0.000204129728398 0.0 0.0 1.97718935404
0.0 0.0 0.000222954563151 0.0 0.0 1.97611459631
0.0 0.0 0.000242633812655 0.0 0.0 1.9750364455
0.0 0.0 0.000263170651361 0.0 0.0 1.973954889
0.0 0.0 0.000284568276387 0.0 0.0 1.97286991413
0.0 0.0 0.000306829907706 0.0 0.0 1.97178150808
0.0 0.0 0.000329958788335 0.0 0.0 1.970689658
0.0 0.0 0.000353958184532 0.0 0.0 1.96959435089
0.0 0.0 0.000378831385991 0.0 0.0 1.9684955737
0.0 0.0 0.000404581706035 0.0 0.0 1.96739331328
0.0 0.0 0.000431212481821 0.0 0.0 1.96628755636
0.0 0.0 0.000458727074537 0.0 0.0 1.96517828961
0.0 0.0 0.000487128869607 0.0 0.0 1.96406549957
0.0 0.0 0.000516421276894 0.0 0.0 1.9629491727
0.0 0.0 0.000546607730913 0.0 0.0 1.96182929537
0.0 0.0 0.000577691691032 0.0 0.0 1.96070585384
0.0 0.0 0.00060967664169 0.0 0.0 1.95957883426
0.0 0.0 0.00064256609261 0.0 0.0 1.95844822271
0.0 0.0 0.000676363579012 0.0 0.0 1.95731400515
0.0 0.0 0.000711072661831 0.0 0.0 1.95617616742
0.0 0.0 0.000746696927942 0.0 0.0 1.95503469529
0.0 0.0 0.000783239990376 0.0 0.0 1.95388957441
0.0 0.0 0.000820705488552 0.0 0.0 1.95274079033
0.0 0.0 0.000859097088819 0.0 0.0 1.95158832848
0.0 0.0 0.000898418483731 0.0 0.0 1.9504321742
0.0 0.0 0.000938673393226 0.0 0.0 1.94927231273
0.0 0.0 0.000979865564549 0.0 0.0 1.94810872917
0.0 0.0 0.00102199877249 0.0 0.0 1.94694140854
0.0 0.0 0.00106507681961 0.0 0.0 1.94577033574
0.0 0.0 0.0011091035365 0.0 0.0 1.94459549555
0.0 0.0 0.00115408278202 0.0 0.0 1.94341687265
0.0 0.0 0.00120001844354 0.0 0.0 1.94223445161
0.0 0.0 0.00124691443718 0.0 0.0 1.94104821687
0.0 0.0 0.00129477470807 0.0 0.0 1.93985815276
0.0 0.0 0.00134360323063 0.0 0.0 1.9386642435
0.0 0.0 0.00139340400878 0.0 0.0 1.93746647319
0.0 0.0 0.00144418107622 0.0 0.0 1.93626482581
0.0 0.0 0.0014959384967 0.0 0.0 1.93505928523
0.0 0.0 0.00154868036427 0.0 0.0 1.93384983518
0.0 0.0 0.00160241080357 0.0 0.0 1.93263645928
0.0 0.0 0.00165713397005 0.0 0.0 1.93141914104
0.0 0.0 0.0017128540503 0.0 0.0 1.93019786383
0.0 0.0 0.0017695752623 0.0 0.0 1.92897261089
0.0 0.0 0.00182730185569 0.0 0.0 1.92774336535
0.0 0.0 0.00188603811206 0.0 0.0 1.92651011021
0.0 0.0 0.00194578834523 0.0 0.0 1.92527282833
0.0 0.0 0.00200655690155 0.0 0.0 1.92403150246
0.0 0.0 0.00206834816016 0.0 0.0 1.92278611521
0.0 0.0 0.00213116653333 0.0 0.0 1.92153664904
0.0 0.0 0.0021950164667 0.0 0.0 1.92028308632
0.0 0.0 0.00225990243962 0.0 0.0 1.91902540924
0.0 0.0 0.00232582896544 0.0 0.0 1.91776359989
0.0 0.0 0.00239280059179 0.0 0.0 1.91649764021
0.0 0.0 0.00246082190093 0.0 0.0 1.91522751199
0.0 0.0 0.00252989751003 0.0 0.0 1.91395319691
0.0 0.0 0.00260003207152 0.0 0.0 1.91267467649
0.0 0.0 0.00267123027334 0.0 0.0 1.9113919321
0.0 0.0 0.00274349683933 0.0 0.0 1.910104945
0.0 0.0 0.00281683652952 0.0 0.0 1.90881369627
0.0 0.0 0.00289125414047 0.0 0.0 1.90751816688
0.0 0.0 0.00296675450559 0.0 0.0 1.90621833762
0.0 0.0 0.00304334249546 0.0 0.0 1.90491418915
0.0 0.0 0.00312102301821 0.0 0.0 1.90360570198
0.0 0.0 0.00319980101984 0.0 0.0 1.90229285647
0.0 0.0 0.00327968148453 0.0 0.0 1.90097563283
0.0 0.0 0.00336066943505 0.0 0.0 1.89965401111
0.0 0.0 0.00344276993305 0.0 0.0 1.89832797121
0.0 0.0 0.00352598807949 0.0 0.0 1.89699749287
0.0 0.0 0.0036103290149 0.0 0.0 1.89566255567
0.0 0.0 0.00369579791982 0.0 0.0 1.89432313906
0.0 0.0 0.00378240001516 0.0 0.0 1.89297922228
0.0 0.0 0.00387014056252 0.0 0.0 1.89163078445
0.0 0.0 0.00395902486461 0.0 0.0 1.8902778045
0.0 0.0 0.0040490582656 0.0 0.0 1.88892026122
0.0 0.0 0.00414024615154 0.0 0.0 1.88755813322
0.0 0.0 0.00423259395068 0.0 0.0 1.88619139894
0.0 0.0 0.00432610713394 0.0 0.0 1.88482003664
0.0 0.0 0.00442079121521 0.0 0.0 1.88344402445
0.0 0.0 0.00451665175184 0.0 0.0 1.88206334028
0.0 0.0 0.00461369434498 0.0 0.0 1.88067796189
0.0 0.0 0.00471192463999 0.0 0.0 1.87928786686
0.0 0.0 0.00481134832689 0.0 0.0 1.87789303261
0.0 0.0 0.00491197114072 0.0 0.0 1.87649343634
0.0 0.0 0.00501379886199 0.0 0.0 1.87508905511
0.0 0.0 0.0051168373171 0.0 0.0 1.87367986578
0.0 0.0 0.00522109237875 0.0 0.0 1.87226584503
0.0 0.0 0.00532656996638 0.0 0.0 1.87084696934
0.0 0.0 0.00543327604661 0.0 0.0 1.86942321503
0.0 0.0 0.00554121663368 0.0 0.0 1.86799455821
0.0 0.0 0.00565039778986 0.0 0.0 1.8665609748
0.0 0.0 0.00576082562594 0.0 0.0 1.86512244055
0.0 0.0 0.00587250630169 0.0 0.0 1.86367893098
0.0 0.0 0.00598544602625 0.0 0.0 1.86223042144
0.0 0.0 0.00609965105865 0.0 0.0 1.86077688707
0.0 0.0 0.00621512770828 0.0 0.0 1.85931830281
0.0 0.0 0.00633188233532 0.0 0.0 1.85785464342
0.0 0.0 0.00644992135123 0.0 0.0 1.85638588342
0.0 0.0 0.00656925121927 0.0 0.0 1.85491199715
0.0 0.0 0.0066898784549 0.0 0.0 1.85343295874
0.0 0.0 0.00681180962637 0.0 0.0 1.8519487421
0.0 0.0 0.00693505135514 0.0 0.0 1.85045932094
0.0 0.0 0.0070596103164 0.0 0.0 1.84896466875
0.0 0.0 0.00718549323958 0.0 0.0 1.84746475879
0.0 0.0 0.00731270690888 0.0 0.0 1.84595956414
0.0 0.0 0.00744125816373 0.0 0.0 1.84444905764
0.0 0.0 0.00757115389937 0.0 0.0 1.84293321189
0.0 0.0 0.00770240106731 0.0 0.0 1.84141199929
0.0 0.0 0.00783500667593 0.0 0.0 1.83988539201
0.0 0.0 0.00796897779095 0.0 0.0 1.838353362
0.0 0.0 0.00810432153603 0.0 0.0 1.83681588095
0.0 0.0 0.00824104509324 0.0 0.0 1.83527292036
0.0 0.0 0.0083791557037 0.0 0.0 1.83372445146
0.0 0.0 0.00851866066805 0.0 0.0 1.83217044526
0.0 0.0 0.00865956734708 0.0 0.0 1.83061087252
0.0 0.0 0.00880188316224 0.0 0.0 1.82904570379
0.0 0.0 0.00894561559625 0.0 0.0 1.82747490934
0.0 0.0 0.00909077219366 0.0 0.0 1.82589845921
0.0 0.0 0.00923736056145 0.0 0.0 1.82431632319
0.0 0.0 0.00938538836959 0.0 0.0 1.82272847082
0.0 0.0 0.00953486335164 0.0 0.0 1.82113487139
0.0 0.0 0.00968579330537 0.0 0.0 1.81953549394
0.0 0.0 0.00983818609335 0.0 0.0 1.81793030724
0.0 0.0 0.00999204964356 0.0 0.0 1.8163192798
0.0 0.0 0.01014739195 0.0 0.0 1.81470237989
0.0 0.0 0.0103042210733 0.0 0.0 1.81307957548
0.0 0.0 0.0104625451414 0.0 0.0 1.8114508343
