0.0 0.0 0.0 0.0 0.0 2.0
0.0 0.0 7.87249108673e-07 0.0 0.0 1.98999687365
0.0 0.0 2.38903327713e-06 0.0 0.0 1.9799905126
0.0 0.0 4.83347728292e-06 0.0 0.0 1.96998080515
0.0 0.0 8.14956343447e-06 0.0 0.0 1.95996763621
0.0 0.0 1.23671501788e-05 0.0 0.0 1.94995088721
0.0 0.0 1.75169905782e-05 0.0 0.0 1.93993043601
0.0 0.0 2.36307505742e-05 0.0 0.0 1.92990615687
0.0 0.0 3.07410270436e-05 0.0 0.0 1.91987792033
0.0 0.0 3.88813655616e-05 0.0 0.0 1.90984559318
0.0 0.0 4.80862778273e-05 0.0 0.0 1.89980903837
0.0 0.0 5.83912586957e-05 0.0 0.0 1.88976811492
0.0 0.0 6.98328027596e-05 0.0 0.0 1.87972267793
0.0 0.0 8.24484204188e-05 0.0 0.0 1.86967257842
0.0 0.0 9.62766533759e-05 0.0 0.0 1.85961766333
0.0 0.0 0.000111357089492 0.0 0.0 1.84955777546
0.0 0.0 0.000127730376936 0.0 0.0 1.83949275339
0.0 0.0 0.000145438237557 0.0 0.0 1.82942243141
0.0 0.0 0.000164523479407 0.0 0.0 1.81934663954
0.0 0.0 0.00018503000834 0.0 0.0 1.80926520341
0.0 0.0 0.000207002838617 0.0 0.0 1.79917794426
0.0 0.0 0.00023048810242 0.0 0.0 1.7890846789
0.0 0.0 0.000255533058222 0.0 0.0 1.77898521963
0.0 0.0 0.000282186097898 0.0 0.0 1.7688793743
0.0 0.0 0.000310496752524 0.0 0.0 1.7587669462
0.0 0.0 0.000340515696744 0.0 0.0 1.74864773409
0.0 0.0 0.000372294751637 0.0 0.0 1.73852153218
0.0 0.0 0.000405886885991 0.0 0.0 1.72838813011
0.0 0.0 0.000441346215864 0.0 0.0 1.71824731298
0.0 0.0 0.000478728002366 0.0 0.0 1.70809886134
0.0 0.0 0.000518088647534 0.0 0.0 1.69794255119
0.0 0.0 0.000559485688212 0.0 0.0 1.68777815405
0.0 0.0 0.000602977787808 0.0 0.0 1.67760543695
0.0 0.0 0.00064862472583 0.0 0.0 1.66742416249
0.0 0.0 0.000696487385075 0.0 0.0 1.6572340889
0.0 0.0 0.000746627736335 0.0 0.0 1.64703497007
0.0 0.0 0.000799108820513 0.0 0.0 1.63682655565
0.0 0.0 0.000853994727976 0.0 0.0 1.62660859112
0.0 0.0 0.000911350575021 0.0 0.0 1.6163808179
0.0 0.0 0.000971242477288 0.0 0.0 1.60614297343
0.0 0.0 0.00103373751995 0.0 0.0 1.59589479128
0.0 0.0 0.00109890372448 0.0 0.0 1.58563600134
0.0 0.0 0.00116681001187 0.0 0.0 1.57536632991
0.0 0.0 0.00123752616192 0.0 0.0 1.56508549986
0.0 0.0 0.00131112276865 0.0 0.0 1.55479323086
0.0 0.0 0.00138767119124 0.0 0.0 1.54448923952
0.0 0.0 0.00146724350054 0.0 0.0 1.53417323964
0.0 0.0 0.0015499124206 0.0 0.0 1.5238449424
0.0 0.0 0.00163575126512 0.0 0.0 1.51350405667
0.0 0.0 0.00172483386824 0.0 0.0 1.50315028922
0.0 0.0 0.00181723450946 0.0 0.0 1.49278334509
0.0 0.0 0.00191302783216 0.0 0.0 1.48240292784
0.0 0.0 0.00201228875531 0.0 0.0 1.47200873996
0.0 0.0 0.00211509237779 0.0 0.0 1.4616004832
0.0 0.0 0.00222151387483 0.0 0.0 1.45117785904
0.0 0.0 0.00233162838594 0.0 0.0 1.44074056906
0.0 0.0 0.00244551089356 0.0 0.0 1.43028831551
0.0 0.0 0.0025632360919 0.0 0.0 1.41982080176
0.0 0.0 0.00268487824499 0.0 0.0 1.40933773288
0.0 0.0 0.00281051103309 0.0 0.0 1.39883881627
0.0 0.0 0.00294020738669 0.0 0.0 1.38832376231
0.0 0.0 0.00307403930681 0.0 0.0 1.37779228507
0.0 0.0 0.00321207767076 0.0 0.0 1.36724410308
0.0 0.0 0.00335439202189 0.0 0.0 1.35667894016
0.0 0.0 0.00350105034233 0.0 0.0 1.34609652634
0.0 0.0 0.00365211880708 0.0 0.0 1.33549659883
0.0 0.0 0.0038076615181 0.0 0.0 1.32487890306
0.0 0.0 0.00396774021671 0.0 0.0 1.31424319384
0.0 0.0 0.00413241397274 0.0 0.0 1.3035892366
0.0 0.0 0.0043017388484 0.0 0.0 1.29291680869
0.0 0.0 0.00447576753505 0.0 0.0 1.28222570088
0.0 0.0 0.00465454896086 0.0 0.0 1.27151571884
0.0 0.0 0.00483812786705 0.0 0.0 1.26078668491
0.0 0.0 0.00502654435047 0.0 0.0 1.25003843985
0.0 0.0 0.00521983337012 0.0 0.0 1.23927084484
0.0 0.0 0.00541802421506 0.0 0.0 1.22848378355
0.0 0.0 0.00562113993096 0.0 0.0 1.21767716447
0.0 0.0 0.00582919670262 0.0 0.0 1.20685092333
0.0 0.0 0.0060422031895 0.0 0.0 1.19600502573
0.0 0.0 0.00626015981119 0.0 0.0 1.18513947001
0.0 0.0 0.00648305797979 0.0 0.0 1.17425429027
0.0 0.0 0.00671087927588 0.0 0.0 1.16334955967
0.0 0.0 0.00694359456475 0.0 0.0 1.1524253939
0.0 0.0 0.00718116304943 0.0 0.0 1.14148195497
0.0 0.0 0.00742353125697 0.0 0.0 1.13051945525
0.0 0.0 0.00767063195432 0.0 0.0 1.11953816172
0.0 0.0 0.00792238298998 0.0 0.0 1.10853840063
0.0 0.0 0.0081786860576 0.0 0.0 1.09752056239
0.0 0.0 0.00843942537752 0.0 0.0 1.08648510676
0.0 0.0 0.0087044662921 0.0 0.0 1.07543256852
0.0 0.0 0.00897365377069 0.0 0.0 1.06436356332
0.0 0.0 0.00924681081964 0.0 0.0 1.05327879405
0.0 0.0 0.00952373679306 0.0 0.0 1.04217905751
0.0 0.0 0.00980420559933 0.0 0.0 1.03106525157
0.0 0.0 0.0100879637985 0.0 0.0 1.0199383827
0.0 0.0 0.0103747285853 0.0 0.0 1.00879957398
0.0 0.0 0.0106641856524 0.0 0.0 0.997650073598
0.0 0.0 0.010955986929 0.0 0.0 0.986491263822
0.0 0.0 0.0112497481861 0.0 0.0 0.975324670514
0.0 0.0 0.0115450465057 0.0 0.0 0.964151973178
0.0 0.0 0.0118414176054 0.0 0.0 0.952975015587
0.0 0.0 0.0121383530113 0.0 0.0 0.941795817006
0.0 0.0 0.0124352970741 0.0 0.0 0.930616584047
0.0 0.0 0.0127316438197 0.0 0.0 0.919439723171
0.0 0.0 0.0130267336291 0.0 0.0 0.908267853877
0.0 0.0 0.0133198497408 0.0 0.0 0.897103822589
0.0 0.0 0.0136102145694 0.0 0.0 0.885950717278
0.0 0.0 0.0138969858378 0.0 0.0 0.874811882817
0.0 0.0 0.0141792525195 0.0 0.0 0.863690937104
0.0 0.0 0.0144560305893 0.0 0.0 0.852591787926
0.0 0.0 0.0147262585881 0.0 0.0 0.841518650583
0.0 0.0 0.0149887930056 0.0 0.0 0.830476066215
0.0 0.0 0.0152424034945 0.0 0.0 0.819468920814
0.0 0.0 0.0154857679329 0.0 0.0 0.808502464828
0.0 0.0 0.0157174673615 0.0 0.0 0.797582333271
0.0 0.0 0.0159359808283 0.0 0.0 0.786714566192
0.0 0.0 0.0161396801876 0.0 0.0 0.77590562933
0.0 0.0 0.016326824909 0.0 0.0 0.765162434731
0.0 0.0 0.0164955569677 0.0 0.0 0.754492361037
0.0 0.0 0.0166438959025 0.0 0.0 0.743903273115
0.0 0.0 0.0167697341445 0.0 0.0 0.733403540603
0.0 0.0 0.0168708327391 0.0 0.0 0.723002054903
0.0 0.0 0.0169448176011 0.0 0.0 0.712708244052
0.0 0.0 0.0169891764661 0.0 0.0 0.702532084828
0.0 0.0 0.0170012567174 0.0 0.0 0.69248411138
0.0 0.0 0.0169782642927 0.0 0.0 0.682575419571
0.0 0.0 0.0169172638867 0.0 0.0 0.672817666169
0.0 0.0 0.0168151806885 0.0 0.0 0.663223061956
0.0 0.0 0.0166688038968 0.0 0.0 0.653804357759
0.0 0.0 0.0164747922711 0.0 0.0 0.644574822409
0.0 0.0 0.0162296819689 0.0 0.0 0.63554821162
0.0 0.0 0.0159298969158 0.0 0.0 0.626738726803
0.0 0.0 0.0155717619348 0.0 0.0 0.618160962929
0.0 0.0 0.0151515188293 0.0 0.0 0.609829844658
0.0 0.0 0.0146653455702 0.0 0.0 0.601760550144
0.0 0.0 0.0141093786787 0.0 0.0 0.593968422147
0.0 0.0 0.0134797388199 0.0 0.0 0.586468866395
0.0 0.0 0.0127725595323 0.0 0.0 0.579277237494
0.0 0.0 0.0119840189119 0.0 0.0 0.572408713102
0.0 0.0 0.0111103739508 0.0 0.0 0.565878157559
0.0 0.0 0.0101479971064 0.0 0.0 0.55969997667
0.0 0.0 0.00909341454103 0.0 0.0 0.553887965841
0.0 0.0 0.00794334534906 0.0 0.0 0.5484551543
0.0 0.0 0.00669474096788 0.0 0.0 0.543413648588
0.0 0.0 0.0053448238726 0.0 0.0 0.538774478894
0.0 0.0 0.0038911245844 0.0 0.0 0.534547452085
0.0 0.0 0.00233151598885 0.0 0.0 0.530741015418
0.0 0.0 0.000664243970868 0.0 0.0 0.527362134888
0.0 0.0 -0.00111204656994 0.0 0.0 0.524416191909
0.0 0.0 -0.00299829115398 0.0 0.0 0.521906901646
0.0 0.0 -0.00499499128512 0.0 0.0 0.519836255688
0.0 0.0 -0.00710220663127 0.0 0.0 0.518204490988
0.0 0.0 -0.00931955409027 0.0 0.0 0.51701008616
0.0 0.0 -0.0116462137734 0.0 0.0 0.516249785238
0.0 0.0 -0.0140809417008 0.0 0.0 0.515918648093
0.0 0.0 -0.016622088777 0.0 0.0 0.516010125789
0.0 0.0 -0.0192676254159 0.0 0.0 0.516516158373
0.0 0.0 -0.0220151710213 0.0 0.0 0.517427291954
0.0 0.0 -0.0248620274106 0.0 0.0 0.518732811427
0.0 0.0 -0.0278052151977 0.0 0.0 0.520420884969
0.0 0.0 -0.0308415121322 0.0 0.0 0.522478716285
0.0 0.0 -0.0339674924093 0.0 0.0 0.524892700717
0.0 0.0 -0.0371795660297 0.0 0.0 0.527648581555
0.0 0.0 -0.0404740173777 0.0 0.0 0.530731603238
0.0 0.0 -0.0438470423002 0.0 0.0 0.534126658601
0.0 0.0 -0.0472947830921 0.0 0.0 0.537818427814
0.0 0.0 -0.0508133609305 0.0 0.0 0.54179150718
0.0 0.0 -0.0543989054206 0.0 0.0 0.546030526475
0.0 0.0 -0.0580475810451 0.0 0.0 0.55052025398
0.0 0.0 -0.0617556104131 0.0 0.0 0.555245688809
0.0 0.0 -0.0655192943006 0.0 0.0 0.560192140496
0.0 0.0 -0.0693350285564 0.0 0.0 0.56534529613
0.0 0.0 -0.0731993180085 0.0 0.0 0.570691275582
0.0 0.0 -0.0771087875553 0.0 0.0 0.576216675549
0.0 0.0 -0.0810601906614 0.0 0.0 0.581908603295
0.0 0.0 -0.0850504154981 0.0 0.0 0.587754701035
0.0 0.0 -0.0890764889826 0.0 0.0 0.593743161975
0.0 0.0 -0.093135578968 0.0 0.0 0.59986273901
0.0 0.0 -0.0972249948358 0.0 0.0 0.606102747077
0.0 0.0 -0.101342186729 0.0 0.0 0.612453060109
0.0 0.0 -0.105484743648 0.0 0.0 0.618904103477
0.0 0.0 -0.109650390621 0.0 0.0 0.625446842741
0.0 0.0 -0.113836985127 0.0 0.0 0.632072769463
0.0 0.0 -0.118042512949 0.0 0.0 0.638773884724
0.0 0.0 -0.122265083594 0.0 0.0 0.645542680944
0.0 0.0 -0.126502925414 0.0 0.0 0.652372122501
0.0 0.0 -0.130754380533 0.0 0.0 0.659255625586
0.0 0.0 -0.135017899666 0.0 0.0 0.666187037641
0.0 0.0 -0.139292036921 0.0 0.0 0.673160616692
0.0 0.0 -0.143575444622 0.0 0.0 0.680171010807
0.0 0.0 -0.147866868217 0.0 0.0 0.687213237881
0.0 0.0 -0.15216514131 0.0 0.0 0.694282665876
0.0 0.0 -0.156469180823 0.0 0.0 0.701374993651
0.0 0.0 -0.160777982341 0.0 0.0 0.708486232437
0.0 0.0 -0.165090615619 0.0 0.0 0.715612688023
0.0 0.0 -0.16940622029 0.0 0.0 0.722750943689
0.0 0.0 -0.173724001749 0.0 0.0 0.72989784388
0.0 0.0 -0.178043227237 0.0 0.0 0.737050478645
0.0 0.0 -0.182363222113 0.0 0.0 0.744206168822
0.0 0.0 -0.186683366301 0.0 0.0 0.751362451951
0.0 0.0 -0.191003090927 0.0 0.0 0.758517068905
0.0 0.0 -0.195321875124 0.0 0.0 0.765667951199
0.0 0.0 -0.199639243002 0.0 0.0 0.772813208968
0.0 0.0 -0.203954760784 0.0 0.0 0.779951119579
0.0 0.0 -0.208268034085 0.0 0.0 0.78708011684
0.0 0.0 -0.212578705345 0.0 0.0 0.794198780802
0.0 0.0 -0.2168864514 0.0 0.0 0.801305828104
0.0 0.0 -0.221190981184 0.0 0.0 0.808400102855
0.0 0.0 -0.225492033558 0.0 0.0 0.815480568015
0.0 0.0 -0.229789375264 0.0 0.0 0.822546297261
0.0 0.0 -0.23408279899 0.0 0.0 0.82959646731
0.0 0.0 -0.238372121548 0.0 0.0 0.836630350682
0.0 0.0 -0.242657182159 0.0 0.0 0.843647308883
0.0 0.0 -0.246937840834 0.0 0.0 0.850646785987
0.0 0.0 -0.251213976855 0.0 0.0 0.857628302595
0.0 0.0 -0.255485487347 0.0 0.0 0.86459145017
0.0 0.0 -0.259752285938 0.0 0.0 0.871535885702
0.0 0.0 -0.264014301497 0.0 0.0 0.878461326717
0.0 0.0 -0.268271476957 0.0 0.0 0.885367546594
0.0 0.0 -0.272523768215 0.0 0.0 0.89225437018
0.0 0.0 -0.276771143093 0.0 0.0 0.899121669694
0.0 0.0 -0.281013580377 0.0 0.0 0.905969360893
0.0 0.0 -0.285251068919 0.0 0.0 0.912797399499
0.0 0.0 -0.289483606791 0.0 0.0 0.919605777862
0.0 0.0 -0.293711200508 0.0 0.0 0.926394521854
0.0 0.0 -0.297933864298 0.0 0.0 0.933163687973
0.0 0.0 -0.302151619424 0.0 0.0 0.939913360658
0.0 0.0 -0.306364493551 0.0 0.0 0.946643649781
0.0 0.0 -0.310572520167 0.0 0.0 0.953354688329
0.0 0.0 -0.314775738038 0.0 0.0 0.960046630243
0.0 0.0 -0.318974190701 0.0 0.0 0.966719648424
0.0 0.0 -0.323167926 0.0 0.0 0.973373932873
0.0 0.0 -0.327356995654 0.0 0.0 0.980009688976
0.0 0.0 -0.331541454856 0.0 0.0 0.986627135914
0.0 0.0 -0.335721361899 0.0 0.0 0.993226505189
0.0 0.0 -0.339896777839 0.0 0.0 0.99980803926
0.0 0.0 -0.34406776617 0.0 0.0 1.00637199029
0.0 0.0 -0.348234392538 0.0 0.0 1.01291861895
0.0 0.0 -0.352396724463 0.0 0.0 1.0194481934
0.0 0.0 -0.356554831091 0.0 0.0 1.02596098823
0.0 0.0 -0.360708782963 0.0 0.0 1.03245728356
0.0 0.0 -0.364858651796 0.0 0.0 1.03893736422
0.0 0.0 -0.369004510289 0.0 0.0 1.04540151889
0.0 0.0 -0.373146431938 0.0 0.0 1.05185003946
0.0 0.0 -0.377284490866 0.0 0.0 1.05828322027
0.0 0.0 -0.381418761664 0.0 0.0 1.06470135755
0.0 0.0 -0.385549319251 0.0 0.0 1.07110474882
0.0 0.0 -0.389676238738 0.0 0.0 1.07749369235
0.0 0.0 -0.3937995953 0.0 0.0 1.0838684867
0.0 0.0 -0.397919464068 0.0 0.0 1.09022943022
0.0 0.0 -0.402035920019 0.0 0.0 1.09657682066
0.0 0.0 -0.40614903788 0.0 0.0 1.10291095477
0.0 0.0 -0.410258892035 0.0 0.0 1.10923212797
0.0 0.0 -0.414365556448 0.0 0.0 1.11554063396
0.0 0.0 -0.418469104577 0.0 0.0 1.12183676448
0.0 0.0 -0.422569609314 0.0 0.0 1.12812080899
0.0 0.0 -0.42666714291 0.0 0.0 1.13439305441
0.0 0.0 -0.430761776921 0.0 0.0 1.14065378493
0.0 0.0 -0.434853582153 0.0 0.0 1.14690328171
0.0 0.0 -0.438942628608 0.0 0.0 1.15314182275
0.0 0.0 -0.443028985444 0.0 0.0 1.1593696827
0.0 0.0 -0.447112720927 0.0 0.0 1.16558713266
0.0 0.0 -0.451193902397 0.0 0.0 1.17179444005
0.0 0.0 -0.455272596235 0.0 0.0 1.17799186847
0.0 0.0 -0.459348867829 0.0 0.0 1.18417967761
0.0 0.0 -0.463422781546 0.0 0.0 1.19035812309
0.0 0.0 -0.467494400713 0.0 0.0 1.19652745638
0.0 0.0 -0.471563787591 0.0 0.0 1.20268792473
0.0 0.0 -0.475631003356 0.0 0.0 1.2088397711
0.0 0.0 -0.479696108086 0.0 0.0 1.21498323407
0.0 0.0 -0.483759160746 0.0 0.0 1.22111854779
0.0 0.0 -0.487820219177 0.0 0.0 1.22724594198
0.0 0.0 -0.491879340087 0.0 0.0 1.23336564182
0.0 0.0 -0.495936579044 0.0 0.0 1.239477868
0.0 0.0 -0.499991990474 0.0 0.0 1.24558283664
0.0 0.0 -0.504045627653 0.0 0.0 1.25168075934
